# timestamp target input output err de se
21320 33.613525 0.280000 1.000000 33.333525 -0.480000 2.484307
21330 33.613525 0.340000 1.000000 33.273525 0.060000 2.487634
21340 33.613525 0.340000 1.000000 33.273525 0.000000 2.490961
21350 33.613525 0.340000 1.000000 33.273525 0.000000 2.494289
21370 33.613525 0.670000 1.000000 32.943525 0.330000 2.497583
21380 33.613525 0.330000 1.000000 33.283525 -0.340000 2.500911
21390 33.613525 0.350000 1.000000 33.263525 0.020000 2.504238
21400 33.613525 0.360000 1.000000 33.253525 0.010000 2.507563
21410 33.613525 0.320000 1.000000 33.293525 -0.040000 2.510892
21420 33.613525 0.350000 1.000000 33.263525 0.030000 2.514219
21440 33.613525 0.680000 1.000000 32.933525 0.330000 2.517512
21450 33.613525 0.340000 1.000000 33.273525 -0.340000 2.520839
21460 33.613525 0.350000 1.000000 33.263525 0.010000 2.524166
21470 33.613525 0.410000 1.000000 33.203525 0.060000 2.527486
21490 33.613525 0.610000 1.000000 33.003525 0.200000 2.530787
21500 33.613525 0.380000 1.000000 33.233525 -0.230000 2.534110
21510 33.613525 0.360000 1.000000 33.253525 -0.020000 2.537435
21520 33.613525 0.280000 1.000000 33.333525 -0.080000 2.540769
21530 33.613525 0.340000 1.000000 33.273525 0.060000 2.544096
21540 33.613525 0.340000 1.000000 33.273525 0.000000 2.547423
21560 33.613525 0.680000 1.000000 32.933525 0.340000 2.550717
21570 33.613525 0.350000 1.000000 33.263525 -0.330000 2.554043
21580 33.613525 0.330000 1.000000 33.283525 -0.020000 2.557371
21590 33.613525 0.340000 1.000000 33.273525 0.010000 2.560699
21600 33.613525 0.360000 1.000000 33.253525 0.020000 2.564024
21610 33.613525 0.330000 1.000000 33.283525 -0.030000 2.567352
21630 33.613525 0.680000 1.000000 32.933525 0.350000 2.570646
21640 33.613525 0.340000 1.000000 33.273525 -0.340000 2.573973
21650 33.613525 0.340000 1.000000 33.273525 0.000000 2.577300
21660 33.613525 0.340000 1.000000 33.273525 0.000000 2.580628
21670 33.613525 0.430000 1.000000 33.183525 0.090000 2.583946
21680 33.613525 0.260000 1.000000 33.353525 -0.170000 2.587282
21700 33.613525 0.720000 1.000000 32.893525 0.460000 2.590571
21710 33.613525 0.370000 1.000000 33.243525 -0.350000 2.593895
21720 33.613525 0.270000 1.000000 33.343525 -0.100000 2.597230
21730 33.613525 0.340000 1.000000 33.273525 0.070000 2.600557
21740 33.613525 0.340000 1.000000 33.273525 0.000000 2.603884
21750 33.613525 0.340000 1.000000 33.273525 0.000000 2.607212
21770 33.613525 0.690000 1.000000 32.923525 0.350000 2.610504
21780 33.613525 0.340000 1.000000 33.273525 -0.350000 2.613831
21790 33.613525 0.340000 1.000000 33.273525 0.000000 2.617159
21800 33.613525 0.360000 1.000000 33.253525 0.020000 2.620484
21810 33.613525 0.330000 1.000000 33.283525 -0.030000 2.623812
21820 33.613525 0.340000 1.000000 33.273525 0.010000 2.627140
21840 33.613525 0.690000 1.000000 32.923525 0.350000 2.630432
21850 33.613525 0.350000 1.000000 33.263525 -0.340000 2.633758
21860 33.613525 0.340000 1.000000 33.273525 -0.010000 2.637086
21870 33.613525 0.340000 1.000000 33.273525 0.000000 2.640413
21880 33.613525 0.340000 1.000000 33.273525 0.000000 2.643741
21890 33.613525 0.350000 1.000000 33.263525 0.010000 2.647067
21910 33.613525 0.750000 1.000000 32.863525 0.400000 2.650353
21920 33.613525 0.280000 1.000000 33.333525 -0.470000 2.653687
21930 33.613525 0.350000 1.000000 33.263525 0.070000 2.657013
21940 33.613525 0.340000 1.000000 33.273525 -0.010000 2.660340
21950 33.613525 0.340000 1.000000 33.273525 0.000000 2.663668
21970 33.613525 0.680000 1.000000 32.933525 0.340000 2.666961
21980 33.613525 0.340000 1.000000 33.273525 -0.340000 2.670288
21990 33.613525 0.340000 1.000000 33.273525 0.000000 2.673616
22000 33.613525 0.360000 1.000000 33.253525 0.020000 2.676941
22010 33.613525 0.330000 1.000000 33.283525 -0.030000 2.680269
22020 33.613525 0.340000 1.000000 33.273525 0.010000 2.683597
22040 33.613525 0.680000 1.000000 32.933525 0.340000 2.686890
22050 33.613525 0.340000 1.000000 33.273525 -0.340000 2.690217
22060 33.613525 0.340000 1.000000 33.273525 0.000000 2.693545
22070 33.613525 0.350000 1.000000 33.263525 0.010000 2.696871
22080 33.613525 0.420000 1.000000 33.193525 0.070000 2.700190
22090 33.613525 0.260000 1.000000 33.353525 -0.160000 2.703526
22110 33.613525 0.750000 1.000000 32.863525 0.490000 2.706812
22120 33.613525 0.270000 1.000000 33.343525 -0.480000 2.710147
22130 33.613525 0.350000 1.000000 33.263525 0.080000 2.713473
22140 33.613525 0.340000 1.000000 33.273525 -0.010000 2.716800
22150 33.613525 0.340000 1.000000 33.273525 0.000000 2.720128
22170 33.613525 0.680000 1.000000 32.933525 0.340000 2.723421
22180 33.613525 0.350000 1.000000 33.263525 -0.330000 2.726747
22190 33.613525 0.340000 1.000000 33.273525 -0.010000 2.730075
22200 33.613525 0.350000 1.000000 33.263525 0.010000 2.733401
22210 33.613525 0.330000 1.000000 33.283525 -0.020000 2.736729
22230 33.613525 0.690000 1.000000 32.923525 0.360000 2.740022
22240 33.613525 0.340000 1.000000 33.273525 -0.350000 2.743349
22250 33.613525 0.340000 1.000000 33.273525 0.000000 2.746676
22260 33.613525 0.340000 1.000000 33.273525 0.000000 2.750004
22270 33.613525 0.340000 1.000000 33.273525 0.000000 2.753331
22280 33.613525 0.340000 1.000000 33.273525 0.000000 2.756658
22300 33.613525 0.720000 1.000000 32.893525 0.380000 2.759948
22310 33.613525 0.370000 1.000000 33.243525 -0.350000 2.763272
22320 33.613525 0.280000 1.000000 33.333525 -0.090000 2.766606
22330 33.613525 0.340000 1.000000 33.273525 0.060000 2.769933
22340 33.613525 0.340000 1.000000 33.273525 0.000000 2.773260
22350 33.613525 0.350000 1.000000 33.263525 0.010000 2.776587
22370 33.613525 0.680000 1.000000 32.933525 0.330000 2.779880
22380 33.613525 0.340000 1.000000 33.273525 -0.340000 2.783207
22390 33.613525 0.350000 1.000000 33.263525 0.010000 2.786534
22400 33.613525 0.350000 1.000000 33.263525 0.000000 2.789860
22410 33.613525 0.330000 1.000000 33.283525 -0.020000 2.793188
22420 33.613525 0.340000 1.000000 33.273525 0.010000 2.796516
22440 33.613525 0.690000 1.000000 32.923525 0.350000 2.799808
22450 33.613525 0.340000 1.000000 33.273525 -0.350000 2.803135
22460 33.613525 0.350000 1.000000 33.263525 0.010000 2.806462
22470 33.613525 0.340000 1.000000 33.273525 -0.010000 2.809789
22480 33.613525 0.340000 1.000000 33.273525 0.000000 2.813116
22490 33.613525 0.340000 1.000000 33.273525 0.000000 2.816444
22510 33.613525 0.750000 1.000000 32.863525 0.410000 2.819730
22520 33.613525 0.270000 1.000000 33.343525 -0.480000 2.823065
22530 33.613525 0.350000 1.000000 33.263525 0.080000 2.826391
22540 33.613525 0.340000 1.000000 33.273525 -0.010000 2.829718
22550 33.613525 0.350000 1.000000 33.263525 0.010000 2.833045
22570 33.613525 0.680000 1.000000 32.933525 0.330000 2.836338
22580 33.613525 0.350000 1.000000 33.263525 -0.330000 2.839664
22590 33.613525 0.340000 1.000000 33.273525 -0.010000 2.842992
22600 33.613525 0.360000 1.000000 33.253525 0.020000 2.846317
22610 33.613525 0.320000 1.000000 33.293525 -0.040000 2.849646
22620 33.613525 0.340000 1.000000 33.273525 0.020000 2.852974
22640 33.613525 0.690000 1.000000 32.923525 0.350000 2.856266
22650 33.613525 0.340000 1.000000 33.273525 -0.350000 2.859593
22660 33.613525 0.340000 1.000000 33.273525 0.000000 2.862921
22670 33.613525 0.350000 1.000000 33.263525 0.010000 2.866247
22680 33.613525 0.340000 1.000000 33.273525 -0.010000 2.869574
22690 33.613525 0.350000 1.000000 33.263525 0.010000 2.872901
22710 33.613525 0.750000 1.000000 32.863525 0.400000 2.876187
22720 33.613525 0.270000 1.000000 33.343525 -0.480000 2.879522
22730 33.613525 0.340000 1.000000 33.273525 0.070000 2.882849
22740 33.613525 0.340000 1.000000 33.273525 0.000000 2.886176
22750 33.613525 0.340000 1.000000 33.273525 0.000000 2.889504
22770 33.613525 0.680000 1.000000 32.933525 0.340000 2.892797
22780 33.613525 0.340000 1.000000 33.273525 -0.340000 2.896124
22790 33.613525 0.340000 1.000000 33.273525 0.000000 2.899452
22800 33.613525 0.350000 1.000000 33.263525 0.010000 2.902778
22810 33.613525 0.330000 1.000000 33.283525 -0.020000 2.906106
22820 33.613525 0.340000 1.000000 33.273525 0.010000 2.909434
22840 33.613525 0.690000 1.000000 32.923525 0.350000 2.912726
22850 33.613525 0.340000 1.000000 33.273525 -0.350000 2.916053
22860 33.613525 0.330000 1.000000 33.283525 -0.010000 2.919382
22870 33.613525 0.350000 1.000000 33.263525 0.020000 2.922708
22880 33.613525 0.340000 1.000000 33.273525 -0.010000 2.926035
22890 33.613525 0.340000 1.000000 33.273525 0.000000 2.929363
22910 33.613525 0.760000 1.000000 32.853525 0.420000 2.932648
22920 33.613525 0.270000 1.000000 33.343525 -0.490000 2.935983
22930 33.613525 0.350000 1.000000 33.263525 0.080000 2.939309
22940 33.613525 0.340000 1.000000 33.273525 -0.010000 2.942636
22950 33.613525 0.340000 1.000000 33.273525 0.000000 2.945964
22970 33.613525 0.680000 1.000000 32.933525 0.340000 2.949257
22980 33.613525 0.330000 1.000000 33.283525 -0.350000 2.952585
22990 33.613525 0.340000 1.000000 33.273525 0.010000 2.955913
23000 33.613525 0.370000 1.000000 33.243525 0.030000 2.959237
23010 33.613525 0.310000 1.000000 33.303525 -0.060000 2.962567
23020 33.613525 0.350000 1.000000 33.263525 0.040000 2.965894
23040 33.613525 0.680000 1.000000 32.933525 0.330000 2.969187
23050 33.613525 0.340000 1.000000 33.273525 -0.340000 2.972514
23060 33.613525 0.340000 1.000000 33.273525 0.000000 2.975842
23070 33.613525 0.350000 1.000000 33.263525 0.010000 2.979168
23080 33.613525 0.350000 1.000000 33.263525 0.000000 2.982494
23090 33.613525 0.330000 1.000000 33.283525 -0.020000 2.985823
23110 33.613525 0.740000 1.000000 32.873525 0.410000 2.989110
23120 33.613525 0.290000 1.000000 33.323525 -0.450000 2.992443
23130 33.613525 0.340000 1.000000 33.273525 0.050000 2.995770
23140 33.613525 0.340000 1.000000 33.273525 0.000000 2.999097
23150 33.613525 0.350000 1.000000 33.263525 0.010000 3.002424
23170 33.613525 0.680000 1.000000 32.933525 0.330000 3.005717
23180 33.613525 0.340000 1.000000 33.273525 -0.340000 3.009044
23190 33.613525 0.340000 1.000000 33.273525 0.000000 3.012372
23200 33.613525 0.350000 1.000000 33.263525 0.010000 3.015698
23210 33.613525 0.330000 1.000000 33.283525 -0.020000 3.019026
23220 33.613525 0.340000 1.000000 33.273525 0.010000 3.022354
23240 33.613525 0.690000 1.000000 32.923525 0.350000 3.025646
23250 33.613525 0.340000 1.000000 33.273525 -0.350000 3.028973
23260 33.613525 0.340000 1.000000 33.273525 0.000000 3.032301
23270 33.613525 0.340000 1.000000 33.273525 0.000000 3.035628
23280 33.613525 0.340000 1.000000 33.273525 0.000000 3.038955
23290 33.613525 0.350000 1.000000 33.263525 0.010000 3.042282
23310 33.613525 0.760000 1.000000 32.853525 0.410000 3.045567
23320 33.613525 0.270000 1.000000 33.343525 -0.490000 3.048901
23330 33.613525 0.340000 1.000000 33.273525 0.070000 3.052229
23340 33.613525 0.340000 1.000000 33.273525 0.000000 3.055556
23350 33.613525 0.350000 1.000000 33.263525 0.010000 3.058883
23370 33.613525 0.670000 1.000000 32.943525 0.320000 3.062177
23380 33.613525 0.340000 1.000000 33.273525 -0.330000 3.065504
23390 33.613525 0.340000 1.000000 33.273525 0.000000 3.068832
23400 33.613525 0.360000 1.000000 33.253525 0.020000 3.072157
23410 33.613525 0.430000 1.000000 33.183525 0.070000 3.075475
23420 33.613525 0.240000 1.000000 33.373525 -0.190000 3.078813
23440 33.613525 0.680000 1.000000 32.933525 0.440000 3.082106
23450 33.613525 0.340000 1.000000 33.273525 -0.340000 3.085433
23460 33.613525 0.340000 1.000000 33.273525 0.000000 3.088761
23470 33.613525 0.350000 1.000000 33.263525 0.010000 3.092087
23480 33.613525 0.340000 1.000000 33.273525 -0.010000 3.095414
23490 33.613525 0.340000 1.000000 33.273525 0.000000 3.098742
23510 33.613525 0.730000 1.000000 32.883525 0.390000 3.102030
23520 33.613525 0.300000 1.000000 33.313525 -0.430000 3.105361
23530 33.613525 0.340000 1.000000 33.273525 0.040000 3.108689
23540 33.613525 0.340000 1.000000 33.273525 0.000000 3.112016
23550 33.613525 0.340000 1.000000 33.273525 0.000000 3.115344
23570 33.613525 0.690000 1.000000 32.923525 0.350000 3.118636
23580 33.613525 0.340000 1.000000 33.273525 -0.350000 3.121963
23590 33.613525 0.340000 1.000000 33.273525 0.000000 3.125291
23600 33.613525 0.350000 1.000000 33.263525 0.010000 3.128617
23610 33.613525 0.330000 1.000000 33.283525 -0.020000 3.131945
23620 33.613525 0.340000 1.000000 33.273525 0.010000 3.135273
23640 33.613525 0.690000 1.000000 32.923525 0.350000 3.138565
23650 33.613525 0.340000 1.000000 33.273525 -0.350000 3.141892
23660 33.613525 0.350000 1.000000 33.263525 0.010000 3.145219
23670 33.613525 0.340000 1.000000 33.273525 -0.010000 3.148546
23680 33.613525 0.340000 1.000000 33.273525 0.000000 3.151873
23690 33.613525 0.350000 1.000000 33.263525 0.010000 3.155200
23710 33.613525 0.750000 1.000000 32.863525 0.400000 3.158486
23720 33.613525 0.280000 1.000000 33.333525 -0.470000 3.161819
23730 33.613525 0.340000 1.000000 33.273525 0.060000 3.165147
23740 33.613525 0.340000 1.000000 33.273525 0.000000 3.168474
23750 33.613525 0.350000 1.000000 33.263525 0.010000 3.171801
23770 33.613525 0.680000 1.000000 32.933525 0.330000 3.175094
23780 33.613525 0.350000 1.000000 33.263525 -0.330000 3.178420
23790 33.613525 0.340000 1.000000 33.273525 -0.010000 3.181748
23800 33.613525 0.360000 1.000000 33.253525 0.020000 3.185073
23810 33.613525 0.330000 1.000000 33.283525 -0.030000 3.188401
23820 33.613525 0.340000 1.000000 33.273525 0.010000 3.191729
23840 33.613525 0.690000 1.000000 32.923525 0.350000 3.195021
23850 33.613525 0.350000 1.000000 33.263525 -0.340000 3.198347
23860 33.613525 0.340000 1.000000 33.273525 -0.010000 3.201675
23870 33.613525 0.340000 1.000000 33.273525 0.000000 3.205002
23880 33.613525 0.340000 1.000000 33.273525 0.000000 3.208329
23890 33.613525 0.350000 1.000000 33.263525 0.010000 3.211656
23910 33.613525 0.750000 1.000000 32.863525 0.400000 3.214942
23920 33.613525 0.280000 1.000000 33.333525 -0.470000 3.218275
23930 33.613525 0.350000 1.000000 33.263525 0.070000 3.221602
23940 33.613525 0.340000 1.000000 33.273525 -0.010000 3.224929
23950 33.613525 0.340000 1.000000 33.273525 0.000000 3.228257
23970 33.613525 0.680000 1.000000 32.933525 0.340000 3.231550
23980 33.613525 0.350000 1.000000 33.263525 -0.330000 3.234876
23990 33.613525 0.340000 1.000000 33.273525 -0.010000 3.238204
24000 33.613525 0.360000 1.000000 33.253525 0.020000 3.241529
24010 33.613525 0.320000 1.000000 33.293525 -0.040000 3.244858
24020 33.613525 0.350000 1.000000 33.263525 0.030000 3.248185
24040 33.613525 0.680000 1.000000 32.933525 0.330000 3.251478
24050 33.613525 0.350000 1.000000 33.263525 -0.330000 3.254804
24060 33.613525 0.340000 1.000000 33.273525 -0.010000 3.258132
24070 33.613525 0.340000 1.000000 33.273525 0.000000 3.261459
24080 33.613525 0.350000 1.000000 33.263525 0.010000 3.264785
24090 33.613525 0.330000 1.000000 33.283525 -0.020000 3.268114
24110 33.613525 0.750000 1.000000 32.863525 0.420000 3.271400
24120 33.613525 0.270000 1.000000 33.343525 -0.480000 3.274734
24130 33.613525 0.340000 1.000000 33.273525 0.070000 3.278062
24140 33.613525 0.350000 1.000000 33.263525 0.010000 3.281388
24150 33.613525 0.340000 1.000000 33.273525 -0.010000 3.284716
24170 33.613525 0.680000 1.000000 32.933525 0.340000 3.288009
24180 33.613525 0.340000 1.000000 33.273525 -0.340000 3.291336
24190 33.613525 0.350000 1.000000 33.263525 0.010000 3.294663
24200 33.613525 0.360000 1.000000 33.253525 0.010000 3.297988
24210 33.613525 0.330000 1.000000 33.283525 -0.030000 3.301316
24220 33.613525 0.340000 1.000000 33.273525 0.010000 3.304644
24240 33.613525 0.690000 1.000000 32.923525 0.350000 3.307936
24250 33.613525 0.340000 1.000000 33.273525 -0.350000 3.311263
24260 33.613525 0.350000 1.000000 33.263525 0.010000 3.314590
24270 33.613525 0.340000 1.000000 33.273525 -0.010000 3.317917
24280 33.613525 0.340000 1.000000 33.273525 0.000000 3.321244
24290 33.613525 0.350000 1.000000 33.263525 0.010000 3.324571
24310 33.613525 0.740000 1.000000 32.873525 0.390000 3.327858
24320 33.613525 0.290000 1.000000 33.323525 -0.450000 3.331190
24330 33.613525 0.350000 1.000000 33.263525 0.060000 3.334517
24340 33.613525 0.340000 1.000000 33.273525 -0.010000 3.337844
24350 33.613525 0.350000 1.000000 33.263525 0.010000 3.341171
24370 33.613525 0.680000 1.000000 32.933525 0.330000 3.344464
24380 33.613525 0.350000 1.000000 33.263525 -0.330000 3.347790
24390 33.613525 0.340000 1.000000 33.273525 -0.010000 3.351118
24400 33.613525 0.360000 1.000000 33.253525 0.020000 3.354443
24410 33.613525 0.330000 1.000000 33.283525 -0.030000 3.357771
24420 33.613525 0.340000 1.000000 33.273525 0.010000 3.361099
24440 33.613525 0.690000 1.000000 32.923525 0.350000 3.364391
24450 33.613525 0.340000 1.000000 33.273525 -0.350000 3.367718
24460 33.613525 0.350000 1.000000 33.263525 0.010000 3.371045
24470 33.613525 0.340000 1.000000 33.273525 -0.010000 3.374372
24480 33.613525 0.340000 1.000000 33.273525 0.000000 3.377699
24490 33.613525 0.340000 1.000000 33.273525 0.000000 3.381027
24510 33.613525 0.790000 1.000000 32.823525 0.450000 3.384309
24520 33.613525 0.240000 1.000000 33.373525 -0.550000 3.387646
24530 33.613525 0.430000 1.000000 33.183525 0.190000 3.390965
24550 33.613525 0.600000 1.000000 33.013525 0.170000 3.394266
24560 33.613525 0.350000 1.000000 33.263525 -0.250000 3.397592
24570 33.613525 0.340000 1.000000 33.273525 -0.010000 3.400920
24580 33.613525 0.340000 1.000000 33.273525 0.000000 3.404247
24590 33.613525 0.340000 1.000000 33.273525 0.000000 3.407575
24600 33.613525 0.350000 1.000000 33.263525 0.010000 3.410901
24620 33.613525 0.670000 1.000000 32.943525 0.320000 3.414195
24630 33.613525 0.350000 1.000000 33.263525 -0.320000 3.417522
24640 33.613525 0.340000 1.000000 33.273525 -0.010000 3.420849
24650 33.613525 0.340000 1.000000 33.273525 0.000000 3.424176
24660 33.613525 0.340000 1.000000 33.273525 0.000000 3.427504
24670 33.613525 0.350000 1.000000 33.263525 0.010000 3.430830
24690 33.613525 0.680000 1.000000 32.933525 0.330000 3.434123
24700 33.613525 0.370000 1.000000 33.243525 -0.310000 3.437448
24710 33.613525 0.370000 1.000000 33.243525 0.000000 3.440772
24720 33.613525 0.280000 1.000000 33.333525 -0.090000 3.444105
24730 33.613525 0.340000 1.000000 33.273525 0.060000 3.447433
24740 33.613525 0.340000 1.000000 33.273525 0.000000 3.450760
24760 33.613525 0.680000 1.000000 32.933525 0.340000 3.454053
24770 33.613525 0.340000 1.000000 33.273525 -0.340000 3.457381
24780 33.613525 0.340000 1.000000 33.273525 0.000000 3.460708
24790 33.613525 0.340000 1.000000 33.273525 0.000000 3.464036
24800 33.613525 0.360000 1.000000 33.253525 0.020000 3.467361
24810 33.613525 0.330000 1.000000 33.283525 -0.030000 3.470689
24830 33.613525 0.690000 1.000000 32.923525 0.360000 3.473982
24840 33.613525 0.340000 1.000000 33.273525 -0.350000 3.477309
24850 33.613525 0.350000 1.000000 33.263525 0.010000 3.480635
24860 33.613525 0.340000 1.000000 33.273525 -0.010000 3.483963
24870 33.613525 0.340000 1.000000 33.273525 0.000000 3.487290
24880 33.613525 0.340000 1.000000 33.273525 0.000000 3.490617
24900 33.613525 0.730000 1.000000 32.883525 0.390000 3.493906
24910 33.613525 0.380000 1.000000 33.233525 -0.350000 3.497229
24920 33.613525 0.270000 1.000000 33.343525 -0.110000 3.500563
24930 33.613525 0.350000 1.000000 33.263525 0.080000 3.503890
24940 33.613525 0.340000 1.000000 33.273525 -0.010000 3.507217
24960 33.613525 0.680000 1.000000 32.933525 0.340000 3.510510
24970 33.613525 0.340000 1.000000 33.273525 -0.340000 3.513838
24980 33.613525 0.340000 1.000000 33.273525 0.000000 3.517165
24990 33.613525 0.350000 1.000000 33.263525 0.010000 3.520492
25000 33.613525 0.350000 1.000000 33.263525 0.000000 3.523818
25010 33.613525 0.330000 1.000000 33.283525 -0.020000 3.527146
25030 33.613525 0.690000 1.000000 32.923525 0.360000 3.530439
25040 33.613525 0.350000 1.000000 33.263525 -0.340000 3.533765
25050 33.613525 0.400000 1.000000 33.213525 0.050000 3.537086
25060 33.613525 0.280000 1.000000 33.333525 -0.120000 3.540420
25070 33.613525 0.340000 1.000000 33.273525 0.060000 3.543747
25080 33.613525 0.350000 1.000000 33.263525 0.010000 3.547073
25100 33.613525 0.710000 1.000000 32.903525 0.360000 3.550364
25110 33.613525 0.380000 1.000000 33.233525 -0.330000 3.553687
25120 33.613525 0.270000 1.000000 33.343525 -0.110000 3.557021
25130 33.613525 0.340000 1.000000 33.273525 0.070000 3.560349
25140 33.613525 0.340000 1.000000 33.273525 0.000000 3.563676
25150 33.613525 0.350000 1.000000 33.263525 0.010000 3.567002
25170 33.613525 0.680000 1.000000 32.933525 0.330000 3.570296
25180 33.613525 0.340000 1.000000 33.273525 -0.340000 3.573623
25190 33.613525 0.340000 1.000000 33.273525 0.000000 3.576951
25200 33.613525 0.360000 1.000000 33.253525 0.020000 3.580276
25210 33.613525 0.330000 1.000000 33.283525 -0.030000 3.583604
25220 33.613525 0.340000 1.000000 33.273525 0.010000 3.586932
25240 33.613525 0.680000 1.000000 32.933525 0.340000 3.590225
25250 33.613525 0.340000 1.000000 33.273525 -0.340000 3.593552
25260 33.613525 0.340000 1.000000 33.273525 0.000000 3.596880
25270 33.613525 0.340000 1.000000 33.273525 0.000000 3.600207
25280 33.613525 0.340000 1.000000 33.273525 0.000000 3.603534
25290 33.613525 0.340000 1.000000 33.273525 0.000000 3.606862
25310 33.613525 0.740000 1.000000 32.873525 0.400000 3.610149
25320 33.613525 0.290000 1.000000 33.323525 -0.450000 3.613481
25330 33.613525 0.340000 1.000000 33.273525 0.050000 3.616809
25340 33.613525 0.340000 1.000000 33.273525 0.000000 3.620136
25350 33.613525 0.340000 1.000000 33.273525 0.000000 3.623463
25370 33.613525 0.670000 1.000000 32.943525 0.330000 3.626758
25380 33.613525 0.340000 1.000000 33.273525 -0.330000 3.630085
25390 33.613525 0.340000 1.000000 33.273525 0.000000 3.633413
25400 33.613525 0.350000 1.000000 33.263525 0.010000 3.636739
25410 33.613525 0.330000 1.000000 33.283525 -0.020000 3.640067
25420 33.613525 0.340000 1.000000 33.273525 0.010000 3.643395
25440 33.613525 0.690000 1.000000 32.923525 0.350000 3.646687
25450 33.613525 0.340000 1.000000 33.273525 -0.350000 3.650014
25460 33.613525 0.390000 1.000000 33.223525 0.050000 3.653337
25470 33.613525 0.300000 1.000000 33.313525 -0.090000 3.656668
25480 33.613525 0.340000 1.000000 33.273525 0.040000 3.659995
25490 33.613525 0.350000 1.000000 33.263525 0.010000 3.663322
25510 33.613525 0.750000 1.000000 32.863525 0.400000 3.666608
25520 33.613525 0.280000 1.000000 33.333525 -0.470000 3.669941
25530 33.613525 0.340000 1.000000 33.273525 0.060000 3.673269
25540 33.613525 0.340000 1.000000 33.273525 0.000000 3.676596
25550 33.613525 0.350000 1.000000 33.263525 0.010000 3.679922
25570 33.613525 0.690000 1.000000 32.923525 0.340000 3.683215
25580 33.613525 0.340000 1.000000 33.273525 -0.350000 3.686542
25590 33.613525 0.340000 1.000000 33.273525 0.000000 3.689870
25600 33.613525 0.360000 1.000000 33.253525 0.020000 3.693195
25610 33.613525 0.330000 1.000000 33.283525 -0.030000 3.696523
25620 33.613525 0.350000 1.000000 33.263525 0.020000 3.699850
25640 33.613525 0.690000 1.000000 32.923525 0.340000 3.703142
25650 33.613525 0.340000 1.000000 33.273525 -0.350000 3.706469
25660 33.613525 0.350000 1.000000 33.263525 0.010000 3.709796
25670 33.613525 0.340000 1.000000 33.273525 -0.010000 3.713123
25680 33.613525 0.350000 1.000000 33.263525 0.010000 3.716449
25690 33.613525 0.340000 1.000000 33.273525 -0.010000 3.719777
25710 33.613525 0.750000 1.000000 32.863525 0.410000 3.723063
25720 33.613525 0.280000 1.000000 33.333525 -0.470000 3.726396
25730 33.613525 0.340000 1.000000 33.273525 0.060000 3.729724
25740 33.613525 0.350000 1.000000 33.263525 0.010000 3.733050
25750 33.613525 0.340000 1.000000 33.273525 -0.010000 3.736377
25770 33.613525 0.690000 1.000000 32.923525 0.350000 3.739670
25780 33.613525 0.330000 1.000000 33.283525 -0.360000 3.742998
25790 33.613525 0.340000 1.000000 33.273525 0.010000 3.746325
25800 33.613525 0.360000 1.000000 33.253525 0.020000 3.749651
25810 33.613525 0.320000 1.000000 33.293525 -0.040000 3.752980
25820 33.613525 0.350000 1.000000 33.263525 0.030000 3.756307
25840 33.613525 0.680000 1.000000 32.933525 0.330000 3.759600
25850 33.613525 0.350000 1.000000 33.263525 -0.330000 3.762926
25860 33.613525 0.340000 1.000000 33.273525 -0.010000 3.766254
25870 33.613525 0.370000 1.000000 33.243525 0.030000 3.769578
25880 33.613525 0.310000 1.000000 33.303525 -0.060000 3.772908
25890 33.613525 0.340000 1.000000 33.273525 0.030000 3.776236
25910 33.613525 0.750000 1.000000 32.863525 0.410000 3.779522
25920 33.613525 0.280000 1.000000 33.333525 -0.470000 3.782855
25930 33.613525 0.340000 1.000000 33.273525 0.060000 3.786183
25940 33.613525 0.340000 1.000000 33.273525 0.000000 3.789510
25950 33.613525 0.340000 1.000000 33.273525 0.000000 3.792837
25970 33.613525 0.690000 1.000000 32.923525 0.350000 3.796130
25980 33.613525 0.330000 1.000000 33.283525 -0.360000 3.799458
25990 33.613525 0.340000 1.000000 33.273525 0.010000 3.802785
26000 33.613525 0.350000 1.000000 33.263525 0.010000 3.806112
26010 33.613525 0.330000 1.000000 33.283525 -0.020000 3.809440
26020 33.613525 0.340000 1.000000 33.273525 0.010000 3.812768
26040 33.613525 0.680000 1.000000 32.933525 0.340000 3.816061
26050 33.613525 0.350000 1.000000 33.263525 -0.330000 3.819387
26060 33.613525 0.340000 1.000000 33.273525 -0.010000 3.822715
26070 33.613525 0.340000 1.000000 33.273525 0.000000 3.826042
26080 33.613525 0.350000 1.000000 33.263525 0.010000 3.829368
26090 33.613525 0.330000 1.000000 33.283525 -0.020000 3.832697
26110 33.613525 0.760000 1.000000 32.853525 0.430000 3.835982
26120 33.613525 0.270000 1.000000 33.343525 -0.490000 3.839316
26130 33.613525 0.350000 1.000000 33.263525 0.080000 3.842643
26140 33.613525 0.340000 1.000000 33.273525 -0.010000 3.845970
26150 33.613525 0.340000 1.000000 33.273525 0.000000 3.849297
26170 33.613525 0.690000 1.000000 32.923525 0.350000 3.852590
26180 33.613525 0.340000 1.000000 33.273525 -0.350000 3.855917
26190 33.613525 0.340000 1.000000 33.273525 0.000000 3.859244
26200 33.613525 0.350000 1.000000 33.263525 0.010000 3.862571
26210 33.613525 0.330000 1.000000 33.283525 -0.020000 3.865899
26220 33.613525 0.350000 1.000000 33.263525 0.020000 3.869226
26240 33.613525 0.680000 1.000000 32.933525 0.330000 3.872519
26250 33.613525 0.340000 1.000000 33.273525 -0.340000 3.875846
26260 33.613525 0.350000 1.000000 33.263525 0.010000 3.879173
26270 33.613525 0.340000 1.000000 33.273525 -0.010000 3.882500
26290 33.613525 0.680000 1.000000 32.933525 0.340000 3.885793
26300 33.613525 0.380000 1.000000 33.233525 -0.300000 3.889117
26310 33.613525 0.360000 1.000000 33.253525 -0.020000 3.892442
26320 33.613525 0.280000 1.000000 33.333525 -0.080000 3.895775
26330 33.613525 0.350000 1.000000 33.263525 0.070000 3.899102
26340 33.613525 0.340000 1.000000 33.273525 -0.010000 3.902429
26360 33.613525 0.680000 1.000000 32.933525 0.340000 3.905722
26370 33.613525 0.350000 1.000000 33.263525 -0.330000 3.909049
26380 33.613525 0.340000 1.000000 33.273525 -0.010000 3.912376
26390 33.613525 0.340000 1.000000 33.273525 0.000000 3.915703
26400 33.613525 0.360000 1.000000 33.253525 0.020000 3.919029
26410 33.613525 0.320000 1.000000 33.293525 -0.040000 3.922358
26430 33.613525 0.690000 1.000000 32.923525 0.370000 3.925651
26440 33.613525 0.340000 1.000000 33.273525 -0.350000 3.928978
26450 33.613525 0.340000 1.000000 33.273525 0.000000 3.932305
26460 33.613525 0.340000 1.000000 33.273525 0.000000 3.935633
26470 33.613525 0.350000 1.000000 33.263525 0.010000 3.938959
26480 33.613525 0.340000 1.000000 33.273525 -0.010000 3.942286
26500 33.613525 0.720000 1.000000 32.893525 0.380000 3.945576
26510 33.613525 0.370000 1.000000 33.243525 -0.350000 3.948900
26520 33.613525 0.280000 1.000000 33.333525 -0.090000 3.952233
26530 33.613525 0.340000 1.000000 33.273525 0.060000 3.955561
26540 33.613525 0.340000 1.000000 33.273525 0.000000 3.958888
26550 33.613525 0.340000 1.000000 33.273525 0.000000 3.962215
26570 33.613525 0.680000 1.000000 32.933525 0.340000 3.965509
26580 33.613525 0.330000 1.000000 33.283525 -0.350000 3.968837
26590 33.613525 0.350000 1.000000 33.263525 0.020000 3.972163
26600 33.613525 0.350000 1.000000 33.263525 0.000000 3.975490
26610 33.613525 0.330000 1.000000 33.283525 -0.020000 3.978818
26620 33.613525 0.340000 1.000000 33.273525 0.010000 3.982146
26640 33.613525 0.690000 1.000000 32.923525 0.350000 3.985438
26650 33.613525 0.340000 1.000000 33.273525 -0.350000 3.988765
26660 33.613525 0.340000 1.000000 33.273525 0.000000 3.992093
26670 33.613525 0.340000 1.000000 33.273525 0.000000 3.995420
26680 33.613525 0.350000 1.000000 33.263525 0.010000 3.998746
26700 33.613525 0.720000 1.000000 32.893525 0.370000 4.002036
26710 33.613525 0.370000 1.000000 33.243525 -0.350000 4.005360
26720 33.613525 0.290000 1.000000 33.323525 -0.080000 4.008692
26730 33.613525 0.340000 1.000000 33.273525 0.050000 4.012020
26740 33.613525 0.350000 1.000000 33.263525 0.010000 4.015346
26750 33.613525 0.340000 1.000000 33.273525 -0.010000 4.018673
26770 33.613525 0.680000 1.000000 32.933525 0.340000 4.021967
26780 33.613525 0.350000 1.000000 33.263525 -0.330000 4.025293
26790 33.613525 0.430000 1.000000 33.183525 0.080000 4.028611
26800 33.613525 0.270000 1.000000 33.343525 -0.160000 4.031946
26810 33.613525 0.330000 1.000000 33.283525 0.060000 4.035274
26820 33.613525 0.340000 1.000000 33.273525 0.010000 4.038602
26840 33.613525 0.690000 1.000000 32.923525 0.350000 4.041894
26850 33.613525 0.350000 1.000000 33.263525 -0.340000 4.045220
26860 33.613525 0.340000 1.000000 33.273525 -0.010000 4.048548
26870 33.613525 0.340000 1.000000 33.273525 0.000000 4.051875
26880 33.613525 0.350000 1.000000 33.263525 0.010000 4.055201
26890 33.613525 0.340000 1.000000 33.273525 -0.010000 4.058529
26910 33.613525 0.750000 1.000000 32.863525 0.410000 4.061815
26920 33.613525 0.270000 1.000000 33.343525 -0.480000 4.065149
26930 33.613525 0.340000 1.000000 33.273525 0.070000 4.068477
26940 33.613525 0.340000 1.000000 33.273525 0.000000 4.071804
26950 33.613525 0.350000 1.000000 33.263525 0.010000 4.075130
26970 33.613525 0.680000 1.000000 32.933525 0.330000 4.078424
26980 33.613525 0.340000 1.000000 33.273525 -0.340000 4.081751
26990 33.613525 0.350000 1.000000 33.263525 0.010000 4.085077
27000 33.613525 0.360000 1.000000 33.253525 0.010000 4.088403
27010 33.613525 0.320000 1.000000 33.293525 -0.040000 4.091732
27020 33.613525 0.350000 1.000000 33.263525 0.030000 4.095058
27040 33.613525 0.680000 1.000000 32.933525 0.330000 4.098352
27050 33.613525 0.350000 1.000000 33.263525 -0.330000 4.101678
27060 33.613525 0.340000 1.000000 33.273525 -0.010000 4.105006
27070 33.613525 0.340000 1.000000 33.273525 0.000000 4.108333
27080 33.613525 0.350000 1.000000 33.263525 0.010000 4.111659
27090 33.613525 0.330000 1.000000 33.283525 -0.020000 4.114988
27110 33.613525 0.760000 1.000000 32.853525 0.430000 4.118273
27120 33.613525 0.270000 1.000000 33.343525 -0.490000 4.121607
27130 33.613525 0.340000 1.000000 33.273525 0.070000 4.124935
27140 33.613525 0.340000 1.000000 33.273525 0.000000 4.128262
27150 33.613525 0.340000 1.000000 33.273525 0.000000 4.131589
27170 33.613525 0.680000 1.000000 32.933525 0.340000 4.134883
27180 33.613525 0.340000 1.000000 33.273525 -0.340000 4.138210
27190 33.613525 0.340000 1.000000 33.273525 0.000000 4.141537
27200 33.613525 0.360000 1.000000 33.253525 0.020000 4.144863
27210 33.613525 0.330000 1.000000 33.283525 -0.030000 4.148191
27220 33.613525 0.340000 1.000000 33.273525 0.010000 4.151518
27240 33.613525 0.680000 1.000000 32.933525 0.340000 4.154812
27250 33.613525 0.350000 1.000000 33.263525 -0.330000 4.158138
27260 33.613525 0.340000 1.000000 33.273525 -0.010000 4.161466
27270 33.613525 0.350000 1.000000 33.263525 0.010000 4.164792
27280 33.613525 0.340000 1.000000 33.273525 -0.010000 4.168119
27290 33.613525 0.350000 1.000000 33.263525 0.010000 4.171446
27310 33.613525 0.760000 1.000000 32.853525 0.410000 4.174731
27320 33.613525 0.270000 1.000000 33.343525 -0.490000 4.178065
27330 33.613525 0.340000 1.000000 33.273525 0.070000 4.181393
27340 33.613525 0.340000 1.000000 33.273525 0.000000 4.184720
27350 33.613525 0.350000 1.000000 33.263525 0.010000 4.188046
27370 33.613525 0.680000 1.000000 32.933525 0.330000 4.191340
27380 33.613525 0.340000 1.000000 33.273525 -0.340000 4.194667
27390 33.613525 0.350000 1.000000 33.263525 0.010000 4.197993
27400 33.613525 0.360000 1.000000 33.253525 0.010000 4.201319
27410 33.613525 0.330000 1.000000 33.283525 -0.030000 4.204647
27420 33.613525 0.340000 1.000000 33.273525 0.010000 4.207974
27440 33.613525 0.690000 1.000000 32.923525 0.350000 4.211267
27450 33.613525 0.340000 1.000000 33.273525 -0.350000 4.214594
27460 33.613525 0.350000 1.000000 33.263525 0.010000 4.217921
27470 33.613525 0.340000 1.000000 33.273525 -0.010000 4.221248
27480 33.613525 0.350000 1.000000 33.263525 0.010000 4.224574
27490 33.613525 0.350000 1.000000 33.263525 0.000000 4.227901
27510 33.613525 0.750000 1.000000 32.863525 0.400000 4.231187
27520 33.613525 0.270000 1.000000 33.343525 -0.480000 4.234521
27530 33.613525 0.350000 1.000000 33.263525 0.080000 4.237848
27540 33.613525 0.340000 1.000000 33.273525 -0.010000 4.241175
27550 33.613525 0.480000 1.000000 33.133525 0.140000 4.244488
27570 33.613525 0.550000 1.000000 33.063525 0.070000 4.247795
27580 33.613525 0.350000 1.000000 33.263525 -0.200000 4.251121
27590 33.613525 0.340000 1.000000 33.273525 -0.010000 4.254448
27600 33.613525 0.350000 1.000000 33.263525 0.010000 4.257775
27620 33.613525 0.660000 1.000000 32.953525 0.310000 4.261070
27630 33.613525 0.350000 1.000000 33.263525 -0.310000 4.264396
27640 33.613525 0.340000 1.000000 33.273525 -0.010000 4.267724
27650 33.613525 0.340000 1.000000 33.273525 0.000000 4.271051
27660 33.613525 0.340000 1.000000 33.273525 0.000000 4.274379
27670 33.613525 0.350000 1.000000 33.263525 0.010000 4.277705
27690 33.613525 0.680000 1.000000 32.933525 0.330000 4.280998
27700 33.613525 0.380000 1.000000 33.233525 -0.300000 4.284322
27710 33.613525 0.510000 1.000000 33.103525 0.130000 4.287632
27720 33.613525 0.140000 1.000000 33.473525 -0.370000 4.290979
27730 33.613525 0.340000 1.000000 33.273525 0.200000 4.294307
27750 33.613525 0.690000 1.000000 32.923525 0.350000 4.297599
27760 33.613525 0.340000 1.000000 33.273525 -0.350000 4.300926
27770 33.613525 0.340000 1.000000 33.273525 0.000000 4.304254
27780 33.613525 0.340000 1.000000 33.273525 0.000000 4.307581
27790 33.613525 0.340000 1.000000 33.273525 0.000000 4.310908
27800 33.613525 0.360000 1.000000 33.253525 0.020000 4.314234
27820 33.613525 0.670000 1.000000 32.943525 0.310000 4.317528
27830 33.613525 0.340000 1.000000 33.273525 -0.330000 4.320855
27840 33.613525 0.340000 1.000000 33.273525 0.000000 4.324183
27850 33.613525 0.350000 1.000000 33.263525 0.010000 4.327509
27860 33.613525 0.340000 1.000000 33.273525 -0.010000 4.330837
27870 33.613525 0.340000 1.000000 33.273525 0.000000 4.334164
27890 33.613525 0.690000 1.000000 32.923525 0.350000 4.337456
27900 33.613525 0.380000 1.000000 33.233525 -0.310000 4.340780
27910 33.613525 0.370000 1.000000 33.243525 -0.010000 4.344104
27920 33.613525 0.280000 1.000000 33.333525 -0.090000 4.347437
27930 33.613525 0.350000 1.000000 33.263525 0.070000 4.350764
27940 33.613525 0.340000 1.000000 33.273525 -0.010000 4.354091
27960 33.613525 0.690000 1.000000 32.923525 0.350000 4.357383
27970 33.613525 0.340000 1.000000 33.273525 -0.350000 4.360711
27980 33.613525 0.340000 1.000000 33.273525 0.000000 4.364038
27990 33.613525 0.340000 1.000000 33.273525 0.000000 4.367365
28000 33.613525 0.360000 1.000000 33.253525 0.020000 4.370691
28010 33.613525 0.330000 1.000000 33.283525 -0.030000 4.374019
28030 33.613525 0.690000 1.000000 32.923525 0.360000 4.377311
28040 33.613525 0.340000 1.000000 33.273525 -0.350000 4.380639
28050 33.613525 0.350000 1.000000 33.263525 0.010000 4.383965
28060 33.613525 0.340000 1.000000 33.273525 -0.010000 4.387293
28070 33.613525 0.340000 1.000000 33.273525 0.000000 4.390620
28080 33.613525 0.360000 1.000000 33.253525 0.020000 4.393945
28100 33.613525 0.710000 1.000000 32.903525 0.350000 4.397236
28110 33.613525 0.370000 1.000000 33.243525 -0.340000 4.400560
28120 33.613525 0.290000 1.000000 33.323525 -0.080000 4.403892
28130 33.613525 0.330000 1.000000 33.283525 0.040000 4.407221
28140 33.613525 0.340000 1.000000 33.273525 0.010000 4.410548
28150 33.613525 0.350000 1.000000 33.263525 0.010000 4.413874
28170 33.613525 0.680000 1.000000 32.933525 0.330000 4.417168
28180 33.613525 0.340000 1.000000 33.273525 -0.340000 4.420495
28190 33.613525 0.350000 1.000000 33.263525 0.010000 4.423821
28200 33.613525 0.350000 1.000000 33.263525 0.000000 4.427148
28210 33.613525 0.330000 1.000000 33.283525 -0.020000 4.430476
28220 33.613525 0.340000 1.000000 33.273525 0.010000 4.433803
28240 33.613525 0.690000 1.000000 32.923525 0.350000 4.437096
28250 33.613525 0.340000 1.000000 33.273525 -0.350000 4.440423
28260 33.613525 0.340000 1.000000 33.273525 0.000000 4.443750
28270 33.613525 0.350000 1.000000 33.263525 0.010000 4.447077
28280 33.613525 0.340000 1.000000 33.273525 -0.010000 4.450404
28290 33.613525 0.340000 1.000000 33.273525 0.000000 4.453732
28310 33.613525 0.760000 1.000000 32.853525 0.420000 4.457017
28320 33.613525 0.270000 1.000000 33.343525 -0.490000 4.460351
28330 33.613525 0.350000 1.000000 33.263525 0.080000 4.463678
28340 33.613525 0.340000 1.000000 33.273525 -0.010000 4.467005
28350 33.613525 0.350000 1.000000 33.263525 0.010000 4.470331
28370 33.613525 0.680000 1.000000 32.933525 0.330000 4.473625
28380 33.613525 0.330000 1.000000 33.283525 -0.350000 4.476953
28390 33.613525 0.340000 1.000000 33.273525 0.010000 4.480280
28400 33.613525 0.350000 1.000000 33.263525 0.010000 4.483607
28410 33.613525 0.330000 1.000000 33.283525 -0.020000 4.486935
28420 33.613525 0.340000 1.000000 33.273525 0.010000 4.490262
28440 33.613525 0.690000 1.000000 32.923525 0.350000 4.493555
28450 33.613525 0.340000 1.000000 33.273525 -0.350000 4.496882
28460 33.613525 0.340000 1.000000 33.273525 0.000000 4.500209
28470 33.613525 0.340000 1.000000 33.273525 0.000000 4.503537
28480 33.613525 0.340000 1.000000 33.273525 0.000000 4.506864
28490 33.613525 0.340000 1.000000 33.273525 0.000000 4.510192
28510 33.613525 0.760000 1.000000 32.853525 0.420000 4.513477
28520 33.613525 0.270000 1.000000 33.343525 -0.490000 4.516811
28530 33.613525 0.360000 1.000000 33.253525 0.090000 4.520137
28540 33.613525 0.330000 1.000000 33.283525 -0.030000 4.523465
28560 33.613525 0.690000 1.000000 32.923525 0.360000 4.526757
28570 33.613525 0.340000 1.000000 33.273525 -0.350000 4.530085
28580 33.613525 0.350000 1.000000 33.263525 0.010000 4.533411
28590 33.613525 0.340000 1.000000 33.273525 -0.010000 4.536738
28600 33.613525 0.360000 1.000000 33.253525 0.020000 4.540064
28610 33.613525 0.330000 1.000000 33.283525 -0.030000 4.543392
28630 33.613525 0.680000 1.000000 32.933525 0.350000 4.546685
28640 33.613525 0.350000 1.000000 33.263525 -0.330000 4.550012
28650 33.613525 0.340000 1.000000 33.273525 -0.010000 4.553339
28660 33.613525 0.340000 1.000000 33.273525 0.000000 4.556666
28670 33.613525 0.340000 1.000000 33.273525 0.000000 4.559994
28680 33.613525 0.340000 1.000000 33.273525 0.000000 4.563321
28700 33.613525 0.730000 1.000000 32.883525 0.390000 4.566610
28710 33.613525 0.370000 1.000000 33.243525 -0.360000 4.569934
28720 33.613525 0.280000 1.000000 33.333525 -0.090000 4.573267
28730 33.613525 0.350000 1.000000 33.263525 0.070000 4.576594
28740 33.613525 0.340000 1.000000 33.273525 -0.010000 4.579921
28750 33.613525 0.340000 1.000000 33.273525 0.000000 4.583248
28770 33.613525 0.690000 1.000000 32.923525 0.350000 4.586541
28780 33.613525 0.340000 1.000000 33.273525 -0.350000 4.589868
28790 33.613525 0.340000 1.000000 33.273525 0.000000 4.593195
28800 33.613525 0.360000 1.000000 33.253525 0.020000 4.596521
28810 33.613525 0.330000 1.000000 33.283525 -0.030000 4.599849
28820 33.613525 0.340000 1.000000 33.273525 0.010000 4.603176
28840 33.613525 0.820000 1.000000 32.793525 0.480000 4.606456
28850 33.613525 0.220000 1.000000 33.393525 -0.600000 4.609795
28860 33.613525 0.330000 1.000000 33.283525 0.110000 4.613123
28870 33.613525 0.350000 1.000000 33.263525 0.020000 4.616450
28890 33.613525 0.680000 1.000000 32.933525 0.330000 4.619743
28900 33.613525 0.380000 1.000000 33.233525 -0.300000 4.623067
28910 33.613525 0.370000 1.000000 33.243525 -0.010000 4.626391
28920 33.613525 0.270000 1.000000 33.343525 -0.100000 4.629725
28930 33.613525 0.340000 1.000000 33.273525 0.070000 4.633053
28940 33.613525 0.350000 1.000000 33.263525 0.010000 4.636379
28960 33.613525 0.680000 1.000000 32.933525 0.330000 4.639672
28970 33.613525 0.340000 1.000000 33.273525 -0.340000 4.643000
28980 33.613525 0.340000 1.000000 33.273525 0.000000 4.646327
28990 33.613525 0.340000 1.000000 33.273525 0.000000 4.649654
29000 33.613525 0.350000 1.000000 33.263525 0.010000 4.652981
29010 33.613525 0.330000 1.000000 33.283525 -0.020000 4.656309
29030 33.613525 0.680000 1.000000 32.933525 0.350000 4.659602
29040 33.613525 0.340000 1.000000 33.273525 -0.340000 4.662930
29050 33.613525 0.350000 1.000000 33.263525 0.010000 4.666256
29060 33.613525 0.340000 1.000000 33.273525 -0.010000 4.669583
29070 33.613525 0.340000 1.000000 33.273525 0.000000 4.672911
29080 33.613525 0.350000 1.000000 33.263525 0.010000 4.676237
29100 33.613525 0.720000 1.000000 32.893525 0.370000 4.679527
29110 33.613525 0.370000 1.000000 33.243525 -0.350000 4.682851
29120 33.613525 0.280000 1.000000 33.333525 -0.090000 4.686184
29130 33.613525 0.340000 1.000000 33.273525 0.060000 4.689512
29140 33.613525 0.340000 1.000000 33.273525 0.000000 4.692839
29150 33.613525 0.350000 1.000000 33.263525 0.010000 4.696165
29170 33.613525 0.670000 1.000000 32.943525 0.320000 4.699460
29180 33.613525 0.330000 1.000000 33.283525 -0.340000 4.702788
29190 33.613525 0.340000 1.000000 33.273525 0.010000 4.706115
29200 33.613525 0.360000 1.000000 33.253525 0.020000 4.709441
29210 33.613525 0.320000 1.000000 33.293525 -0.040000 4.712770
29220 33.613525 0.350000 1.000000 33.263525 0.030000 4.716096
29240 33.613525 0.680000 1.000000 32.933525 0.330000 4.719390
29250 33.613525 0.350000 1.000000 33.263525 -0.330000 4.722716
29260 33.613525 0.340000 1.000000 33.273525 -0.010000 4.726043
29270 33.613525 0.340000 1.000000 33.273525 0.000000 4.729371
29280 33.613525 0.340000 1.000000 33.273525 0.000000 4.732698
29290 33.613525 0.340000 1.000000 33.273525 0.000000 4.736026
29310 33.613525 0.760000 1.000000 32.853525 0.420000 4.739311
29320 33.613525 0.270000 1.000000 33.343525 -0.490000 4.742645
29330 33.613525 0.350000 1.000000 33.263525 0.080000 4.745972
29340 33.613525 0.340000 1.000000 33.273525 -0.010000 4.749299
29350 33.613525 0.350000 1.000000 33.263525 0.010000 4.752625
29370 33.613525 0.680000 1.000000 32.933525 0.330000 4.755919
29380 33.613525 0.340000 1.000000 33.273525 -0.340000 4.759246
29390 33.613525 0.350000 1.000000 33.263525 0.010000 4.762572
29400 33.613525 0.350000 1.000000 33.263525 0.000000 4.765899
29410 33.613525 0.330000 1.000000 33.283525 -0.020000 4.769227
29420 33.613525 0.340000 1.000000 33.273525 0.010000 4.772554
29440 33.613525 0.690000 1.000000 32.923525 0.350000 4.775847
29450 33.613525 0.340000 1.000000 33.273525 -0.350000 4.779174
29460 33.613525 0.340000 1.000000 33.273525 0.000000 4.782501
29470 33.613525 0.350000 1.000000 33.263525 0.010000 4.785828
29480 33.613525 0.340000 1.000000 33.273525 -0.010000 4.789155
29500 33.613525 0.720000 1.000000 32.893525 0.380000 4.792444
29510 33.613525 0.380000 1.000000 33.233525 -0.340000 4.795768
29520 33.613525 0.270000 1.000000 33.343525 -0.110000 4.799102
29530 33.613525 0.340000 1.000000 33.273525 0.070000 4.802430
29540 33.613525 0.340000 1.000000 33.273525 0.000000 4.805757
29550 33.613525 0.350000 1.000000 33.263525 0.010000 4.809083
29570 33.613525 0.680000 1.000000 32.933525 0.330000 4.812377
29580 33.613525 0.340000 1.000000 33.273525 -0.340000 4.815704
29590 33.613525 0.340000 1.000000 33.273525 0.000000 4.819031
29600 33.613525 0.360000 1.000000 33.253525 0.020000 4.822357
29610 33.613525 0.330000 1.000000 33.283525 -0.030000 4.825685
29620 33.613525 0.340000 1.000000 33.273525 0.010000 4.829012
29640 33.613525 0.680000 1.000000 32.933525 0.340000 4.832306
29650 33.613525 0.340000 1.000000 33.273525 -0.340000 4.835633
29660 33.613525 0.340000 1.000000 33.273525 0.000000 4.838960
29670 33.613525 0.340000 1.000000 33.273525 0.000000 4.842288
29680 33.613525 0.340000 1.000000 33.273525 0.000000 4.845615
29690 33.613525 0.340000 1.000000 33.273525 0.000000 4.848942
29710 33.613525 0.760000 1.000000 32.853525 0.420000 4.852228
29720 33.613525 0.270000 1.000000 33.343525 -0.490000 4.855562
29730 33.613525 0.350000 1.000000 33.263525 0.080000 4.858889
29740 33.613525 0.340000 1.000000 33.273525 -0.010000 4.862216
29750 33.613525 0.340000 1.000000 33.273525 0.000000 4.865543
29770 33.613525 0.690000 1.000000 32.923525 0.350000 4.868836
29780 33.613525 0.340000 1.000000 33.273525 -0.350000 4.872163
29790 33.613525 0.340000 1.000000 33.273525 0.000000 4.875490
29800 33.613525 0.360000 1.000000 33.253525 0.020000 4.878816
29810 33.613525 0.330000 1.000000 33.283525 -0.030000 4.882144
29820 33.613525 0.340000 1.000000 33.273525 0.010000 4.885471
29840 33.613525 0.680000 1.000000 32.933525 0.340000 4.888765
29850 33.613525 0.350000 1.000000 33.263525 -0.330000 4.892091
29860 33.613525 0.340000 1.000000 33.273525 -0.010000 4.895418
29870 33.613525 0.360000 1.000000 33.253525 0.020000 4.898744
29880 33.613525 0.330000 1.000000 33.283525 -0.030000 4.902072
29890 33.613525 0.340000 1.000000 33.273525 0.010000 4.905399
29910 33.613525 0.750000 1.000000 32.863525 0.410000 4.908686
29920 33.613525 0.280000 1.000000 33.333525 -0.470000 4.912019
29930 33.613525 0.340000 1.000000 33.273525 0.060000 4.915347
29940 33.613525 0.350000 1.000000 33.263525 0.010000 4.918673
29950 33.613525 0.340000 1.000000 33.273525 -0.010000 4.922000
29970 33.613525 0.690000 1.000000 32.923525 0.350000 4.925293
29980 33.613525 0.340000 1.000000 33.273525 -0.350000 4.928620
29990 33.613525 0.340000 1.000000 33.273525 0.000000 4.931947
30000 33.613525 0.360000 1.000000 33.253525 0.020000 4.935273
30010 33.613525 0.330000 1.000000 33.283525 -0.030000 4.938601
30020 33.613525 0.340000 1.000000 33.273525 0.010000 4.941928
30040 33.613525 0.680000 1.000000 32.933525 0.340000 4.945222
30050 33.613525 0.350000 1.000000 33.263525 -0.330000 4.948548
30060 33.613525 0.340000 1.000000 33.273525 -0.010000 4.951875
30070 33.613525 0.350000 1.000000 33.263525 0.010000 4.955202
30080 33.613525 0.350000 1.000000 33.263525 0.000000 4.958528
30090 33.613525 0.330000 1.000000 33.283525 -0.020000 4.961856
30110 33.613525 0.740000 1.000000 32.873525 0.410000 4.965144
30120 33.613525 0.290000 1.000000 33.323525 -0.450000 4.968476
30130 33.613525 0.340000 1.000000 33.273525 0.050000 4.971804
30140 33.613525 0.350000 1.000000 33.263525 0.010000 4.975130
30150 33.613525 0.340000 1.000000 33.273525 -0.010000 4.978457
30170 33.613525 0.680000 1.000000 32.933525 0.340000 4.981751
30180 33.613525 0.340000 1.000000 33.273525 -0.340000 4.985078
30190 33.613525 0.350000 1.000000 33.263525 0.010000 4.988404
30200 33.613525 0.360000 1.000000 33.253525 0.010000 4.991730
30210 33.613525 0.320000 1.000000 33.293525 -0.040000 4.995059
30220 33.613525 0.340000 1.000000 33.273525 0.020000 4.998386
30240 33.613525 0.680000 1.000000 32.933525 0.340000 5.001680
30250 33.613525 0.340000 1.000000 33.273525 -0.340000 5.005007
30260 33.613525 0.340000 1.000000 33.273525 0.000000 5.008334
30270 33.613525 0.340000 1.000000 33.273525 0.000000 5.011662
30280 33.613525 0.340000 1.000000 33.273525 0.000000 5.014989
30290 33.613525 0.350000 1.000000 33.263525 0.010000 5.018315
30310 33.613525 0.750000 1.000000 32.863525 0.400000 5.021602
30320 33.613525 0.270000 1.000000 33.343525 -0.480000 5.024936
30330 33.613525 0.350000 1.000000 33.263525 0.080000 5.028263
30340 33.613525 0.340000 1.000000 33.273525 -0.010000 5.031590
30350 33.613525 0.350000 1.000000 33.263525 0.010000 5.034916
30370 33.613525 0.680000 1.000000 32.933525 0.330000 5.038210
30380 33.613525 0.340000 1.000000 33.273525 -0.340000 5.041537
30390 33.613525 0.340000 1.000000 33.273525 0.000000 5.044864
30400 33.613525 0.360000 1.000000 33.253525 0.020000 5.048190
30410 33.613525 0.330000 1.000000 33.283525 -0.030000 5.051518
30420 33.613525 0.340000 1.000000 33.273525 0.010000 5.054845
30440 33.613525 0.690000 1.000000 32.923525 0.350000 5.058138
30450 33.613525 0.340000 1.000000 33.273525 -0.350000 5.061465
30460 33.613525 0.340000 1.000000 33.273525 0.000000 5.064792
30470 33.613525 0.350000 1.000000 33.263525 0.010000 5.068119
30480 33.613525 0.360000 1.000000 33.253525 0.010000 5.071444
30490 33.613525 0.330000 1.000000 33.283525 -0.030000 5.074772
30510 33.613525 0.750000 1.000000 32.863525 0.420000 5.078059
30520 33.613525 0.270000 1.000000 33.343525 -0.480000 5.081393
30530 33.613525 0.340000 1.000000 33.273525 0.070000 5.084721
30540 33.613525 0.350000 1.000000 33.263525 0.010000 5.088047
30550 33.613525 0.340000 1.000000 33.273525 -0.010000 5.091374
30570 33.613525 0.770000 1.000000 32.843525 0.430000 5.094659
30580 33.613525 0.260000 1.000000 33.353525 -0.510000 5.097994
30590 33.613525 0.350000 1.000000 33.263525 0.090000 5.101320
30600 33.613525 0.350000 1.000000 33.263525 0.000000 5.104647
30620 33.613525 0.670000 1.000000 32.943525 0.320000 5.107941
30630 33.613525 0.340000 1.000000 33.273525 -0.330000 5.111268
30640 33.613525 0.350000 1.000000 33.263525 0.010000 5.114595
30650 33.613525 0.330000 1.000000 33.283525 -0.020000 5.117923
30660 33.613525 0.340000 1.000000 33.273525 0.010000 5.121250
30670 33.613525 0.350000 1.000000 33.263525 0.010000 5.124577
30690 33.613525 0.680000 1.000000 32.933525 0.330000 5.127870
30700 33.613525 0.370000 1.000000 33.243525 -0.310000 5.131194
30710 33.613525 0.370000 1.000000 33.243525 0.000000 5.134519
30720 33.613525 0.280000 1.000000 33.333525 -0.090000 5.137852
30730 33.613525 0.340000 1.000000 33.273525 0.060000 5.141179
30740 33.613525 0.340000 1.000000 33.273525 0.000000 5.144507
30760 33.613525 0.690000 1.000000 32.923525 0.350000 5.147799
30770 33.613525 0.340000 1.000000 33.273525 -0.350000 5.151127
30780 33.613525 0.340000 1.000000 33.273525 0.000000 5.154454
30790 33.613525 0.340000 1.000000 33.273525 0.000000 5.157781
30800 33.613525 0.360000 1.000000 33.253525 0.020000 5.161107
30810 33.613525 0.330000 1.000000 33.283525 -0.030000 5.164435
30830 33.613525 0.680000 1.000000 32.933525 0.350000 5.167728
30840 33.613525 0.350000 1.000000 33.263525 -0.330000 5.171055
30850 33.613525 0.340000 1.000000 33.273525 -0.010000 5.174382
30860 33.613525 0.340000 1.000000 33.273525 0.000000 5.177709
30870 33.613525 0.340000 1.000000 33.273525 0.000000 5.181037
30880 33.613525 0.340000 1.000000 33.273525 0.000000 5.184364
30900 33.613525 0.710000 1.000000 32.903525 0.370000 5.187654
30910 33.613525 0.380000 1.000000 33.233525 -0.330000 5.190978
30920 33.613525 0.270000 1.000000 33.343525 -0.110000 5.194312
30930 33.613525 0.350000 1.000000 33.263525 0.080000 5.197638
30940 33.613525 0.340000 1.000000 33.273525 -0.010000 5.200966
30950 33.613525 0.340000 1.000000 33.273525 0.000000 5.204293
30970 33.613525 0.690000 1.000000 32.923525 0.350000 5.207586
30980 33.613525 0.340000 1.000000 33.273525 -0.350000 5.210913
30990 33.613525 0.340000 1.000000 33.273525 0.000000 5.214240
31000 33.613525 0.360000 1.000000 33.253525 0.020000 5.217566
31010 33.613525 0.330000 1.000000 33.283525 -0.030000 5.220894
31020 33.613525 0.340000 1.000000 33.273525 0.010000 5.224221
31040 33.613525 0.690000 1.000000 32.923525 0.350000 5.227514
31050 33.613525 0.340000 1.000000 33.273525 -0.350000 5.230841
31060 33.613525 0.340000 1.000000 33.273525 0.000000 5.234168
31070 33.613525 0.350000 1.000000 33.263525 0.010000 5.237495
31080 33.613525 0.350000 1.000000 33.263525 0.000000 5.240821
31100 33.613525 0.720000 1.000000 32.893525 0.370000 5.244110
31110 33.613525 0.360000 1.000000 33.253525 -0.360000 5.247436
31120 33.613525 0.290000 1.000000 33.323525 -0.070000 5.250768
31130 33.613525 0.350000 1.000000 33.263525 0.060000 5.254094
31140 33.613525 0.340000 1.000000 33.273525 -0.010000 5.257422
31150 33.613525 0.350000 1.000000 33.263525 0.010000 5.260748
31170 33.613525 0.680000 1.000000 32.933525 0.330000 5.264042
31180 33.613525 0.350000 1.000000 33.263525 -0.330000 5.267368
31190 33.613525 0.340000 1.000000 33.273525 -0.010000 5.270695
31200 33.613525 0.370000 1.000000 33.243525 0.030000 5.274020
31210 33.613525 0.320000 1.000000 33.293525 -0.050000 5.277349
31220 33.613525 0.340000 1.000000 33.273525 0.020000 5.280676
31240 33.613525 0.690000 1.000000 32.923525 0.350000 5.283969
31250 33.613525 0.340000 1.000000 33.273525 -0.350000 5.287296
31260 33.613525 0.340000 1.000000 33.273525 0.000000 5.290623
31270 33.613525 0.350000 1.000000 33.263525 0.010000 5.293950
31280 33.613525 0.340000 1.000000 33.273525 -0.010000 5.297277
31290 33.613525 0.340000 1.000000 33.273525 0.000000 5.300604
31310 33.613525 0.740000 1.000000 32.873525 0.400000 5.303892
31320 33.613525 0.290000 1.000000 33.323525 -0.450000 5.307224
31330 33.613525 0.350000 1.000000 33.263525 0.060000 5.310550
31340 33.613525 0.340000 1.000000 33.273525 -0.010000 5.313878
31350 33.613525 0.340000 1.000000 33.273525 0.000000 5.317205
31370 33.613525 0.680000 1.000000 32.933525 0.340000 5.320499
31380 33.613525 0.340000 1.000000 33.273525 -0.340000 5.323826
31390 33.613525 0.350000 1.000000 33.263525 0.010000 5.327152
31400 33.613525 0.370000 1.000000 33.243525 0.020000 5.330477
31410 33.613525 0.310000 1.000000 33.303525 -0.060000 5.333807
31420 33.613525 0.340000 1.000000 33.273525 0.030000 5.337134
31440 33.613525 0.690000 1.000000 32.923525 0.350000 5.340427
31450 33.613525 0.340000 1.000000 33.273525 -0.350000 5.343754
31460 33.613525 0.340000 1.000000 33.273525 0.000000 5.347081
31470 33.613525 0.350000 1.000000 33.263525 0.010000 5.350408
31480 33.613525 0.340000 1.000000 33.273525 -0.010000 5.353735
31490 33.613525 0.340000 1.000000 33.273525 0.000000 5.357062
31510 33.613525 0.740000 1.000000 32.873525 0.400000 5.360350
31520 33.613525 0.280000 1.000000 33.333525 -0.460000 5.363683
31530 33.613525 0.350000 1.000000 33.263525 0.070000 5.367009
31540 33.613525 0.340000 1.000000 33.273525 -0.010000 5.370337
31550 33.613525 0.340000 1.000000 33.273525 0.000000 5.373664
31570 33.613525 0.780000 1.000000 32.833525 0.440000 5.376948
31580 33.613525 0.230000 1.000000 33.383525 -0.550000 5.380286
31590 33.613525 0.340000 1.000000 33.273525 0.110000 5.383613
31600 33.613525 0.360000 1.000000 33.253525 0.020000 5.386939
31610 33.613525 0.330000 1.000000 33.283525 -0.030000 5.390267
31630 33.613525 0.680000 1.000000 32.933525 0.350000 5.393560
31640 33.613525 0.340000 1.000000 33.273525 -0.340000 5.396888
31650 33.613525 0.340000 1.000000 33.273525 0.000000 5.400215
31660 33.613525 0.340000 1.000000 33.273525 0.000000 5.403542
31670 33.613525 0.350000 1.000000 33.263525 0.010000 5.406869
31680 33.613525 0.340000 1.000000 33.273525 -0.010000 5.410196
31700 33.613525 0.730000 1.000000 32.883525 0.390000 5.413484
31710 33.613525 0.370000 1.000000 33.243525 -0.360000 5.416809
31720 33.613525 0.270000 1.000000 33.343525 -0.100000 5.420143
31730 33.613525 0.350000 1.000000 33.263525 0.080000 5.423469
31740 33.613525 0.340000 1.000000 33.273525 -0.010000 5.426797
31750 33.613525 0.350000 1.000000 33.263525 0.010000 5.430123
31770 33.613525 0.680000 1.000000 32.933525 0.330000 5.433417
31780 33.613525 0.340000 1.000000 33.273525 -0.340000 5.436744
31790 33.613525 0.350000 1.000000 33.263525 0.010000 5.440070
31800 33.613525 0.360000 1.000000 33.253525 0.010000 5.443396
31820 33.613525 0.670000 1.000000 32.943525 0.310000 5.446690
31830 33.613525 0.350000 1.000000 33.263525 -0.320000 5.450016
31840 33.613525 0.340000 1.000000 33.273525 -0.010000 5.453344
31850 33.613525 0.350000 1.000000 33.263525 0.010000 5.456670
31860 33.613525 0.340000 1.000000 33.273525 -0.010000 5.459997
31870 33.613525 0.340000 1.000000 33.273525 0.000000 5.463325
31890 33.613525 0.690000 1.000000 32.923525 0.350000 5.466617
31900 33.613525 0.380000 1.000000 33.233525 -0.310000 5.469940
31910 33.613525 0.460000 1.000000 33.153525 0.080000 5.473256
31920 33.613525 0.190000 1.000000 33.423525 -0.270000 5.476598
31930 33.613525 0.340000 1.000000 33.273525 0.150000 5.479925
31950 33.613525 0.690000 1.000000 32.923525 0.350000 5.483218
31960 33.613525 0.340000 1.000000 33.273525 -0.350000 5.486545
31970 33.613525 0.340000 1.000000 33.273525 0.000000 5.489873
31980 33.613525 0.340000 1.000000 33.273525 0.000000 5.493200
31990 33.613525 0.350000 1.000000 33.263525 0.010000 5.496526
32000 33.613525 0.350000 1.000000 33.263525 0.000000 5.499853
32020 33.613525 0.670000 1.000000 32.943525 0.320000 5.503147
32030 33.613525 0.370000 1.000000 33.243525 -0.300000 5.506471
32040 33.613525 0.320000 1.000000 33.293525 -0.050000 5.509801
32050 33.613525 0.340000 1.000000 33.273525 0.020000 5.513128
32060 33.613525 0.340000 1.000000 33.273525 0.000000 5.516455
32070 33.613525 0.340000 1.000000 33.273525 0.000000 5.519783
32090 33.613525 0.690000 1.000000 32.923525 0.350000 5.523075
32100 33.613525 0.370000 1.000000 33.243525 -0.320000 5.526399
32110 33.613525 0.360000 1.000000 33.253525 -0.010000 5.529725
32120 33.613525 0.290000 1.000000 33.323525 -0.070000 5.533057
32130 33.613525 0.340000 1.000000 33.273525 0.050000 5.536384
32140 33.613525 0.340000 1.000000 33.273525 0.000000 5.539712
32160 33.613525 0.690000 1.000000 32.923525 0.350000 5.543004
32170 33.613525 0.340000 1.000000 33.273525 -0.350000 5.546331
32180 33.613525 0.340000 1.000000 33.273525 0.000000 5.549659
32190 33.613525 0.340000 1.000000 33.273525 0.000000 5.552986
32200 33.613525 0.360000 1.000000 33.253525 0.020000 5.556312
32210 33.613525 0.330000 1.000000 33.283525 -0.030000 5.559640
32230 33.613525 0.690000 1.000000 32.923525 0.360000 5.562932
32240 33.613525 0.340000 1.000000 33.273525 -0.350000 5.566260
32250 33.613525 0.350000 1.000000 33.263525 0.010000 5.569586
32260 33.613525 0.340000 1.000000 33.273525 -0.010000 5.572913
32270 33.613525 0.350000 1.000000 33.263525 0.010000 5.576240
32280 33.613525 0.340000 1.000000 33.273525 -0.010000 5.579567
32300 33.613525 0.720000 1.000000 32.893525 0.380000 5.582856
32310 33.613525 0.390000 1.000000 33.223525 -0.330000 5.586179
32320 33.613525 0.270000 1.000000 33.343525 -0.120000 5.589513
32330 33.613525 0.340000 1.000000 33.273525 0.070000 5.592840
32340 33.613525 0.350000 1.000000 33.263525 0.010000 5.596167
32350 33.613525 0.340000 1.000000 33.273525 -0.010000 5.599494
32370 33.613525 0.680000 1.000000 32.933525 0.340000 5.602787
32380 33.613525 0.340000 1.000000 33.273525 -0.340000 5.606115
32390 33.613525 0.350000 1.000000 33.263525 0.010000 5.609441
32400 33.613525 0.350000 1.000000 33.263525 0.000000 5.612768
32410 33.613525 0.330000 1.000000 33.283525 -0.020000 5.616096
32420 33.613525 0.340000 1.000000 33.273525 0.010000 5.619423
32440 33.613525 0.680000 1.000000 32.933525 0.340000 5.622717
32450 33.613525 0.340000 1.000000 33.273525 -0.340000 5.626044
32460 33.613525 0.340000 1.000000 33.273525 0.000000 5.629371
32470 33.613525 0.350000 1.000000 33.263525 0.010000 5.632698
32480 33.613525 0.340000 1.000000 33.273525 -0.010000 5.636025
32490 33.613525 0.340000 1.000000 33.273525 0.000000 5.639352
32510 33.613525 0.750000 1.000000 32.863525 0.410000 5.642639
32520 33.613525 0.280000 1.000000 33.333525 -0.470000 5.645972
32530 33.613525 0.350000 1.000000 33.263525 0.070000 5.649298
32540 33.613525 0.340000 1.000000 33.273525 -0.010000 5.652626
32550 33.613525 0.340000 1.000000 33.273525 0.000000 5.655953
32570 33.613525 0.690000 1.000000 32.923525 0.350000 5.659245
32580 33.613525 0.340000 1.000000 33.273525 -0.350000 5.662573
32590 33.613525 0.340000 1.000000 33.273525 0.000000 5.665900
32600 33.613525 0.360000 1.000000 33.253525 0.020000 5.669226
32610 33.613525 0.320000 1.000000 33.293525 -0.040000 5.672555
32620 33.613525 0.350000 1.000000 33.263525 0.030000 5.675881
32640 33.613525 0.680000 1.000000 32.933525 0.330000 5.679175
32650 33.613525 0.350000 1.000000 33.263525 -0.330000 5.682501
32660 33.613525 0.340000 1.000000 33.273525 -0.010000 5.685828
32670 33.613525 0.340000 1.000000 33.273525 0.000000 5.689156
32680 33.613525 0.340000 1.000000 33.273525 0.000000 5.692483
32690 33.613525 0.350000 1.000000 33.263525 0.010000 5.695809
32710 33.613525 0.750000 1.000000 32.863525 0.400000 5.699096
32720 33.613525 0.270000 1.000000 33.343525 -0.480000 5.702430
32730 33.613525 0.350000 1.000000 33.263525 0.080000 5.705756
32740 33.613525 0.340000 1.000000 33.273525 -0.010000 5.709084
32750 33.613525 0.340000 1.000000 33.273525 0.000000 5.712411
32770 33.613525 0.680000 1.000000 32.933525 0.340000 5.715704
32780 33.613525 0.340000 1.000000 33.273525 -0.340000 5.719032
32790 33.613525 0.340000 1.000000 33.273525 0.000000 5.722359
32800 33.613525 0.360000 1.000000 33.253525 0.020000 5.725685
32810 33.613525 0.330000 1.000000 33.283525 -0.030000 5.729013
32820 33.613525 0.340000 1.000000 33.273525 0.010000 5.732340
32840 33.613525 0.690000 1.000000 32.923525 0.350000 5.735633
32850 33.613525 0.350000 1.000000 33.263525 -0.340000 5.738959
32860 33.613525 0.340000 1.000000 33.273525 -0.010000 5.742286
32870 33.613525 0.340000 1.000000 33.273525 0.000000 5.745614
32880 33.613525 0.350000 1.000000 33.263525 0.010000 5.748940
32890 33.613525 0.340000 1.000000 33.273525 -0.010000 5.752267
32910 33.613525 0.750000 1.000000 32.863525 0.410000 5.755554
32920 33.613525 0.280000 1.000000 33.333525 -0.470000 5.758887
32930 33.613525 0.350000 1.000000 33.263525 0.070000 5.762213
32940 33.613525 0.340000 1.000000 33.273525 -0.010000 5.765541
32950 33.613525 0.340000 1.000000 33.273525 0.000000 5.768868
32970 33.613525 0.690000 1.000000 32.923525 0.350000 5.772160
32980 33.613525 0.340000 1.000000 33.273525 -0.350000 5.775488
32990 33.613525 0.340000 1.000000 33.273525 0.000000 5.778815
33000 33.613525 0.350000 1.000000 33.263525 0.010000 5.782142
33010 33.613525 0.330000 1.000000 33.283525 -0.020000 5.785470
33020 33.613525 0.340000 1.000000 33.273525 0.010000 5.788797
33040 33.613525 0.690000 1.000000 32.923525 0.350000 5.792090
33050 33.613525 0.350000 1.000000 33.263525 -0.340000 5.795416
33060 33.613525 0.340000 1.000000 33.273525 -0.010000 5.798743
33070 33.613525 0.340000 1.000000 33.273525 0.000000 5.802071
33080 33.613525 0.350000 1.000000 33.263525 0.010000 5.805397
33090 33.613525 0.340000 1.000000 33.273525 -0.010000 5.808724
33110 33.613525 0.740000 1.000000 32.873525 0.400000 5.812012
33120 33.613525 0.290000 1.000000 33.323525 -0.450000 5.815344
33130 33.613525 0.340000 1.000000 33.273525 0.050000 5.818671
33140 33.613525 0.340000 1.000000 33.273525 0.000000 5.821999
33150 33.613525 0.350000 1.000000 33.263525 0.010000 5.825325
33170 33.613525 0.680000 1.000000 32.933525 0.330000 5.828618
33180 33.613525 0.340000 1.000000 33.273525 -0.340000 5.831946
33190 33.613525 0.350000 1.000000 33.263525 0.010000 5.835272
33200 33.613525 0.350000 1.000000 33.263525 0.000000 5.838599
33210 33.613525 0.330000 1.000000 33.283525 -0.020000 5.841927
33220 33.613525 0.320000 1.000000 33.293525 -0.010000 5.845256
33240 33.613525 0.810000 1.000000 32.803525 0.490000 5.848537
33250 33.613525 0.220000 1.000000 33.393525 -0.590000 5.851876
33260 33.613525 0.340000 1.000000 33.273525 0.120000 5.855203
33270 33.613525 0.340000 1.000000 33.273525 0.000000 5.858531
33290 33.613525 0.690000 1.000000 32.923525 0.350000 5.861823
33300 33.613525 0.370000 1.000000 33.243525 -0.320000 5.865147
33310 33.613525 0.370000 1.000000 33.243525 0.000000 5.868472
33320 33.613525 0.270000 1.000000 33.343525 -0.100000 5.871806
33330 33.613525 0.340000 1.000000 33.273525 0.070000 5.875133
33340 33.613525 0.340000 1.000000 33.273525 0.000000 5.878461
33360 33.613525 0.690000 1.000000 32.923525 0.350000 5.881753
33370 33.613525 0.340000 1.000000 33.273525 -0.350000 5.885080
33380 33.613525 0.340000 1.000000 33.273525 0.000000 5.888408
33390 33.613525 0.340000 1.000000 33.273525 0.000000 5.891735
33400 33.613525 0.360000 1.000000 33.253525 0.020000 5.895060
33410 33.613525 0.320000 1.000000 33.293525 -0.040000 5.898390
33430 33.613525 0.690000 1.000000 32.923525 0.370000 5.901682
33440 33.613525 0.340000 1.000000 33.273525 -0.350000 5.905010
33450 33.613525 0.350000 1.000000 33.263525 0.010000 5.908336
33460 33.613525 0.340000 1.000000 33.273525 -0.010000 5.911663
33470 33.613525 0.340000 1.000000 33.273525 0.000000 5.914991
33480 33.613525 0.340000 1.000000 33.273525 0.000000 5.918318
33500 33.613525 0.720000 1.000000 32.893525 0.380000 5.921607
33510 33.613525 0.380000 1.000000 33.233525 -0.340000 5.924931
33520 33.613525 0.270000 1.000000 33.343525 -0.110000 5.928265
33530 33.613525 0.350000 1.000000 33.263525 0.080000 5.931591
33540 33.613525 0.340000 1.000000 33.273525 -0.010000 5.934919
33550 33.613525 0.340000 1.000000 33.273525 0.000000 5.938246
33570 33.613525 0.680000 1.000000 32.933525 0.340000 5.941539
33580 33.613525 0.340000 1.000000 33.273525 -0.340000 5.944867
33590 33.613525 0.350000 1.000000 33.263525 0.010000 5.948193
33600 33.613525 0.350000 1.000000 33.263525 0.000000 5.951519
33610 33.613525 0.320000 1.000000 33.293525 -0.030000 5.954849
33620 33.613525 0.350000 1.000000 33.263525 0.030000 5.958175
33640 33.613525 0.690000 1.000000 32.923525 0.340000 5.961468
33650 33.613525 0.360000 1.000000 33.253525 -0.330000 5.964793
33660 33.613525 0.320000 1.000000 33.293525 -0.040000 5.968122
33670 33.613525 0.410000 1.000000 33.203525 0.090000 5.971443
33690 33.613525 0.610000 1.000000 33.003525 0.200000 5.974743
33700 33.613525 0.370000 1.000000 33.243525 -0.240000 5.978067
33710 33.613525 0.370000 1.000000 33.243525 0.000000 5.981392
33720 33.613525 0.280000 1.000000 33.333525 -0.090000 5.984725
33730 33.613525 0.350000 1.000000 33.263525 0.070000 5.988051
33740 33.613525 0.340000 1.000000 33.273525 -0.010000 5.991379
33760 33.613525 0.680000 1.000000 32.933525 0.340000 5.994672
33770 33.613525 0.350000 1.000000 33.263525 -0.330000 5.997998
33780 33.613525 0.340000 1.000000 33.273525 -0.010000 6.001326
33790 33.613525 0.340000 1.000000 33.273525 0.000000 6.004653
33800 33.613525 0.360000 1.000000 33.253525 0.020000 6.007978
33810 33.613525 0.330000 1.000000 33.283525 -0.030000 6.011307
33830 33.613525 0.680000 1.000000 32.933525 0.350000 6.014600
33840 33.613525 0.340000 1.000000 33.273525 -0.340000 6.017928
33850 33.613525 0.350000 1.000000 33.263525 0.010000 6.021254
33860 33.613525 0.340000 1.000000 33.273525 -0.010000 6.024581
33870 33.613525 0.340000 1.000000 33.273525 0.000000 6.027909
33880 33.613525 0.340000 1.000000 33.273525 0.000000 6.031236
33900 33.613525 0.720000 1.000000 32.893525 0.380000 6.034525
33910 33.613525 0.370000 1.000000 33.243525 -0.350000 6.037850
33920 33.613525 0.270000 1.000000 33.343525 -0.100000 6.041184
33930 33.613525 0.350000 1.000000 33.263525 0.080000 6.044510
33940 33.613525 0.340000 1.000000 33.273525 -0.010000 6.047838
33960 33.613525 0.680000 1.000000 32.933525 0.340000 6.051131
33970 33.613525 0.340000 1.000000 33.273525 -0.340000 6.054458
33980 33.613525 0.340000 1.000000 33.273525 0.000000 6.057786
33990 33.613525 0.340000 1.000000 33.273525 0.000000 6.061113
34000 33.613525 0.360000 1.000000 33.253525 0.020000 6.064438
34010 33.613525 0.330000 1.000000 33.283525 -0.030000 6.067767
34030 33.613525 0.690000 1.000000 32.923525 0.360000 6.071059
34040 33.613525 0.340000 1.000000 33.273525 -0.350000 6.074387
34050 33.613525 0.340000 1.000000 33.273525 0.000000 6.077714
34060 33.613525 0.350000 1.000000 33.263525 0.010000 6.081040
34070 33.613525 0.340000 1.000000 33.273525 -0.010000 6.084368
34080 33.613525 0.350000 1.000000 33.263525 0.010000 6.087694
34100 33.613525 0.720000 1.000000 32.893525 0.370000 6.090983
34110 33.613525 0.380000 1.000000 33.233525 -0.340000 6.094307
34120 33.613525 0.270000 1.000000 33.343525 -0.110000 6.097641
34130 33.613525 0.340000 1.000000 33.273525 0.070000 6.100968
34140 33.613525 0.340000 1.000000 33.273525 0.000000 6.104296
34150 33.613525 0.340000 1.000000 33.273525 0.000000 6.107623
34170 33.613525 0.690000 1.000000 32.923525 0.350000 6.110915
34180 33.613525 0.340000 1.000000 33.273525 -0.350000 6.114243
34190 33.613525 0.350000 1.000000 33.263525 0.010000 6.117569
34200 33.613525 0.360000 1.000000 33.253525 0.010000 6.120894
34210 33.613525 0.330000 1.000000 33.283525 -0.030000 6.124223
34220 33.613525 0.340000 1.000000 33.273525 0.010000 6.127550
34240 33.613525 0.690000 1.000000 32.923525 0.350000 6.130843
34250 33.613525 0.340000 1.000000 33.273525 -0.350000 6.134170
34260 33.613525 0.340000 1.000000 33.273525 0.000000 6.137497
34270 33.613525 0.350000 1.000000 33.263525 0.010000 6.140824
34280 33.613525 0.340000 1.000000 33.273525 -0.010000 6.144151
34290 33.613525 0.350000 1.000000 33.263525 0.010000 6.147477
34310 33.613525 0.750000 1.000000 32.863525 0.400000 6.150764
34320 33.613525 0.270000 1.000000 33.343525 -0.480000 6.154098
34330 33.613525 0.350000 1.000000 33.263525 0.080000 6.157424
34340 33.613525 0.340000 1.000000 33.273525 -0.010000 6.160752
34350 33.613525 0.350000 1.000000 33.263525 0.010000 6.164078
34370 33.613525 0.680000 1.000000 32.933525 0.330000 6.167371
34380 33.613525 0.340000 1.000000 33.273525 -0.340000 6.170699
34390 33.613525 0.340000 1.000000 33.273525 0.000000 6.174026
34400 33.613525 0.360000 1.000000 33.253525 0.020000 6.177351
34410 33.613525 0.330000 1.000000 33.283525 -0.030000 6.180680
34420 33.613525 0.340000 1.000000 33.273525 0.010000 6.184007
34440 33.613525 0.680000 1.000000 32.933525 0.340000 6.187301
34450 33.613525 0.340000 1.000000 33.273525 -0.340000 6.190628
34460 33.613525 0.340000 1.000000 33.273525 0.000000 6.193955
34470 33.613525 0.430000 1.000000 33.183525 0.090000 6.197274
34480 33.613525 0.260000 1.000000 33.353525 -0.170000 6.200609
34490 33.613525 0.340000 1.000000 33.273525 0.080000 6.203936
34510 33.613525 0.760000 1.000000 32.853525 0.420000 6.207222
34520 33.613525 0.270000 1.000000 33.343525 -0.490000 6.210556
34530 33.613525 0.350000 1.000000 33.263525 0.080000 6.213882
34540 33.613525 0.340000 1.000000 33.273525 -0.010000 6.217210
34550 33.613525 0.340000 1.000000 33.273525 0.000000 6.220537
34570 33.613525 0.680000 1.000000 32.933525 0.340000 6.223830
34580 33.613525 0.360000 1.000000 33.253525 -0.320000 6.227156
34590 33.613525 0.320000 1.000000 33.293525 -0.040000 6.230485
34600 33.613525 0.360000 1.000000 33.253525 0.040000 6.233810
34610 33.613525 0.330000 1.000000 33.283525 -0.030000 6.237139
34620 33.613525 0.340000 1.000000 33.273525 0.010000 6.240466
34640 33.613525 0.680000 1.000000 32.933525 0.340000 6.243759
34650 33.613525 0.350000 1.000000 33.263525 -0.330000 6.247086
34660 33.613525 0.340000 1.000000 33.273525 -0.010000 6.250413
34670 33.613525 0.350000 1.000000 33.263525 0.010000 6.253740
34680 33.613525 0.340000 1.000000 33.273525 -0.010000 6.257067
34700 33.613525 0.720000 1.000000 32.893525 0.380000 6.260356
34710 33.613525 0.380000 1.000000 33.233525 -0.340000 6.263680
34720 33.613525 0.270000 1.000000 33.343525 -0.110000 6.267014
34730 33.613525 0.340000 1.000000 33.273525 0.070000 6.270341
34740 33.613525 0.340000 1.000000 33.273525 0.000000 6.273669
34750 33.613525 0.340000 1.000000 33.273525 0.000000 6.276996
34770 33.613525 0.680000 1.000000 32.933525 0.340000 6.280289
34780 33.613525 0.340000 1.000000 33.273525 -0.340000 6.283617
34790 33.613525 0.340000 1.000000 33.273525 0.000000 6.286944
34800 33.613525 0.360000 1.000000 33.253525 0.020000 6.290269
34810 33.613525 0.330000 1.000000 33.283525 -0.030000 6.293598
34820 33.613525 0.340000 1.000000 33.273525 0.010000 6.296925
34840 33.613525 0.690000 1.000000 32.923525 0.350000 6.300217
34850 33.613525 0.350000 1.000000 33.263525 -0.340000 6.303544
34860 33.613525 0.340000 1.000000 33.273525 -0.010000 6.306871
34870 33.613525 0.350000 1.000000 33.263525 0.010000 6.310198
34880 33.613525 0.340000 1.000000 33.273525 -0.010000 6.313525
34890 33.613525 0.350000 1.000000 33.263525 0.010000 6.316851
34910 33.613525 0.750000 1.000000 32.863525 0.400000 6.320138
34920 33.613525 0.270000 1.000000 33.343525 -0.480000 6.323472
34930 33.613525 0.340000 1.000000 33.273525 0.070000 6.326799
34940 33.613525 0.340000 1.000000 33.273525 0.000000 6.330127
34950 33.613525 0.340000 1.000000 33.273525 0.000000 6.333454
34970 33.613525 0.690000 1.000000 32.923525 0.350000 6.336746
34980 33.613525 0.340000 1.000000 33.273525 -0.350000 6.340074
34990 33.613525 0.340000 1.000000 33.273525 0.000000 6.343401
35000 33.613525 0.350000 1.000000 33.263525 0.010000 6.346727
35010 33.613525 0.330000 1.000000 33.283525 -0.020000 6.350056
35030 33.613525 0.690000 1.000000 32.923525 0.360000 6.353348
35040 33.613525 0.340000 1.000000 33.273525 -0.350000 6.356675
35050 33.613525 0.340000 1.000000 33.273525 0.000000 6.360003
35060 33.613525 0.350000 1.000000 33.263525 0.010000 6.363329
35070 33.613525 0.340000 1.000000 33.273525 -0.010000 6.366657
35080 33.613525 0.350000 1.000000 33.263525 0.010000 6.369983
35100 33.613525 0.710000 1.000000 32.903525 0.360000 6.373273
35110 33.613525 0.380000 1.000000 33.233525 -0.330000 6.376597
35120 33.613525 0.270000 1.000000 33.343525 -0.110000 6.379931
35130 33.613525 0.340000 1.000000 33.273525 0.070000 6.383258
35140 33.613525 0.340000 1.000000 33.273525 0.000000 6.386586
35150 33.613525 0.350000 1.000000 33.263525 0.010000 6.389912
35170 33.613525 0.680000 1.000000 32.933525 0.330000 6.393205
35180 33.613525 0.340000 1.000000 33.273525 -0.340000 6.396533
35190 33.613525 0.340000 1.000000 33.273525 0.000000 6.399860
35200 33.613525 0.350000 1.000000 33.263525 0.010000 6.403186
35210 33.613525 0.320000 1.000000 33.293525 -0.030000 6.406516
35220 33.613525 0.340000 1.000000 33.273525 0.020000 6.409843
35240 33.613525 0.680000 1.000000 32.933525 0.340000 6.413136
35250 33.613525 0.340000 1.000000 33.273525 -0.340000 6.416464
35260 33.613525 0.350000 1.000000 33.263525 0.010000 6.419790
35270 33.613525 0.340000 1.000000 33.273525 -0.010000 6.423118
35280 33.613525 0.340000 1.000000 33.273525 0.000000 6.426445
35290 33.613525 0.350000 1.000000 33.263525 0.010000 6.429771
35310 33.613525 0.750000 1.000000 32.863525 0.400000 6.433058
35320 33.613525 0.280000 1.000000 33.333525 -0.470000 6.436391
35330 33.613525 0.340000 1.000000 33.273525 0.060000 6.439718
35340 33.613525 0.340000 1.000000 33.273525 0.000000 6.443046
35350 33.613525 0.350000 1.000000 33.263525 0.010000 6.446372
35370 33.613525 0.680000 1.000000 32.933525 0.330000 6.449665
35380 33.613525 0.340000 1.000000 33.273525 -0.340000 6.452993
35390 33.613525 0.350000 1.000000 33.263525 0.010000 6.456319
35400 33.613525 0.360000 1.000000 33.253525 0.010000 6.459644
35410 33.613525 0.320000 1.000000 33.293525 -0.040000 6.462974
35420 33.613525 0.340000 1.000000 33.273525 0.020000 6.466301
35440 33.613525 0.680000 1.000000 32.933525 0.340000 6.469594
35450 33.613525 0.350000 1.000000 33.263525 -0.330000 6.472921
35460 33.613525 0.340000 1.000000 33.273525 -0.010000 6.476248
35470 33.613525 0.350000 1.000000 33.263525 0.010000 6.479575
35480 33.613525 0.340000 1.000000 33.273525 -0.010000 6.482902
35490 33.613525 0.350000 1.000000 33.263525 0.010000 6.486228
35510 33.613525 0.750000 1.000000 32.863525 0.400000 6.489515
35520 33.613525 0.270000 1.000000 33.343525 -0.480000 6.492849
35530 33.613525 0.350000 1.000000 33.263525 0.080000 6.496175
35540 33.613525 0.340000 1.000000 33.273525 -0.010000 6.499503
35550 33.613525 0.340000 1.000000 33.273525 0.000000 6.502830
35570 33.613525 0.690000 1.000000 32.923525 0.350000 6.506122
35580 33.613525 0.340000 1.000000 33.273525 -0.350000 6.509450
35590 33.613525 0.340000 1.000000 33.273525 0.000000 6.512777
35600 33.613525 0.360000 1.000000 33.253525 0.020000 6.516102
35610 33.613525 0.330000 1.000000 33.283525 -0.030000 6.519431
35620 33.613525 0.340000 1.000000 33.273525 0.010000 6.522758
35640 33.613525 0.690000 1.000000 32.923525 0.350000 6.526050
35650 33.613525 0.340000 1.000000 33.273525 -0.350000 6.529378
35660 33.613525 0.340000 1.000000 33.273525 0.000000 6.532705
35670 33.613525 0.350000 1.000000 33.263525 0.010000 6.536032
35680 33.613525 0.340000 1.000000 33.273525 -0.010000 6.539359
35690 33.613525 0.340000 1.000000 33.273525 0.000000 6.542686
35710 33.613525 0.750000 1.000000 32.863525 0.410000 6.545973
35720 33.613525 0.270000 1.000000 33.343525 -0.480000 6.549307
35730 33.613525 0.340000 1.000000 33.273525 0.070000 6.552634
35740 33.613525 0.340000 1.000000 33.273525 0.000000 6.555962
35750 33.613525 0.340000 1.000000 33.273525 0.000000 6.559289
35770 33.613525 0.690000 1.000000 32.923525 0.350000 6.562581
35780 33.613525 0.340000 1.000000 33.273525 -0.350000 6.565909
35790 33.613525 0.340000 1.000000 33.273525 0.000000 6.569236
35800 33.613525 0.490000 1.000000 33.123525 0.150000 6.572548
35810 33.613525 0.200000 1.000000 33.413525 -0.290000 6.575890
35820 33.613525 0.340000 1.000000 33.273525 0.140000 6.579217
35840 33.613525 0.680000 1.000000 32.933525 0.340000 6.582510
35850 33.613525 0.350000 1.000000 33.263525 -0.330000 6.585837
35860 33.613525 0.340000 1.000000 33.273525 -0.010000 6.589164
35870 33.613525 0.340000 1.000000 33.273525 0.000000 6.592491
35880 33.613525 0.350000 1.000000 33.263525 0.010000 6.595818
35890 33.613525 0.340000 1.000000 33.273525 -0.010000 6.599145
35910 33.613525 0.770000 1.000000 32.843525 0.430000 6.602430
35920 33.613525 0.260000 1.000000 33.353525 -0.510000 6.605765
35930 33.613525 0.350000 1.000000 33.263525 0.090000 6.609091
35940 33.613525 0.340000 1.000000 33.273525 -0.010000 6.612419
35950 33.613525 0.340000 1.000000 33.273525 0.000000 6.615746
35970 33.613525 0.690000 1.000000 32.923525 0.350000 6.619038
35980 33.613525 0.340000 1.000000 33.273525 -0.350000 6.622366
35990 33.613525 0.340000 1.000000 33.273525 0.000000 6.625693
36000 33.613525 0.360000 1.000000 33.253525 0.020000 6.629018
36010 33.613525 0.330000 1.000000 33.283525 -0.030000 6.632347
36020 33.613525 0.340000 1.000000 33.273525 0.010000 6.635674
36040 33.613525 0.690000 1.000000 32.923525 0.350000 6.638966
36050 33.613525 0.350000 1.000000 33.263525 -0.340000 6.642293
36060 33.613525 0.340000 1.000000 33.273525 -0.010000 6.645620
36070 33.613525 0.350000 1.000000 33.263525 0.010000 6.648946
36080 33.613525 0.350000 1.000000 33.263525 0.000000 6.652273
36090 33.613525 0.330000 1.000000 33.283525 -0.020000 6.655601
36110 33.613525 0.780000 1.000000 32.833525 0.450000 6.658885
36120 33.613525 0.240000 1.000000 33.373525 -0.540000 6.662222
36130 33.613525 0.340000 1.000000 33.273525 0.100000 6.665549
36140 33.613525 0.340000 1.000000 33.273525 0.000000 6.668877
36160 33.613525 0.690000 1.000000 32.923525 0.350000 6.672169
36170 33.613525 0.340000 1.000000 33.273525 -0.350000 6.675496
36180 33.613525 0.350000 1.000000 33.263525 0.010000 6.678823
36190 33.613525 0.340000 1.000000 33.273525 -0.010000 6.682150
36200 33.613525 0.360000 1.000000 33.253525 0.020000 6.685475
36210 33.613525 0.330000 1.000000 33.283525 -0.030000 6.688804
36230 33.613525 0.680000 1.000000 32.933525 0.350000 6.692097
36240 33.613525 0.340000 1.000000 33.273525 -0.340000 6.695424
36250 33.613525 0.350000 1.000000 33.263525 0.010000 6.698751
36260 33.613525 0.340000 1.000000 33.273525 -0.010000 6.702078
36270 33.613525 0.340000 1.000000 33.273525 0.000000 6.705405
36280 33.613525 0.350000 1.000000 33.263525 0.010000 6.708732
36300 33.613525 0.720000 1.000000 32.893525 0.370000 6.712021
36310 33.613525 0.350000 1.000000 33.263525 -0.370000 6.715348
36320 33.613525 0.300000 1.000000 33.313525 -0.050000 6.718679
36330 33.613525 0.340000 1.000000 33.273525 0.040000 6.722006
36340 33.613525 0.340000 1.000000 33.273525 0.000000 6.725334
36350 33.613525 0.350000 1.000000 33.263525 0.010000 6.728660
36370 33.613525 0.680000 1.000000 32.933525 0.330000 6.731953
36380 33.613525 0.340000 1.000000 33.273525 -0.340000 6.735281
36390 33.613525 0.350000 1.000000 33.263525 0.010000 6.738607
36400 33.613525 0.360000 1.000000 33.253525 0.010000 6.741932
36410 33.613525 0.320000 1.000000 33.293525 -0.040000 6.745262
36420 33.613525 0.340000 1.000000 33.273525 0.020000 6.748589
36440 33.613525 0.690000 1.000000 32.923525 0.350000 6.751881
36450 33.613525 0.340000 1.000000 33.273525 -0.350000 6.755209
36460 33.613525 0.340000 1.000000 33.273525 0.000000 6.758536
36470 33.613525 0.340000 1.000000 33.273525 0.000000 6.761863
36480 33.613525 0.350000 1.000000 33.263525 0.010000 6.765190
36490 33.613525 0.340000 1.000000 33.273525 -0.010000 6.768517
36510 33.613525 0.750000 1.000000 32.863525 0.410000 6.771804
36520 33.613525 0.280000 1.000000 33.333525 -0.470000 6.775137
36530 33.613525 0.350000 1.000000 33.263525 0.070000 6.778463
36540 33.613525 0.340000 1.000000 33.273525 -0.010000 6.781791
36550 33.613525 0.340000 1.000000 33.273525 0.000000 6.785118
36570 33.613525 0.690000 1.000000 32.923525 0.350000 6.788410
36580 33.613525 0.340000 1.000000 33.273525 -0.350000 6.791738
36590 33.613525 0.350000 1.000000 33.263525 0.010000 6.795064
36600 33.613525 0.350000 1.000000 33.263525 0.000000 6.798390
36610 33.613525 0.320000 1.000000 33.293525 -0.030000 6.801720
36620 33.613525 0.450000 1.000000 33.163525 0.130000 6.805036
36640 33.613525 0.580000 1.000000 33.033525 0.130000 6.808339
36650 33.613525 0.340000 1.000000 33.273525 -0.240000 6.811667
36660 33.613525 0.340000 1.000000 33.273525 0.000000 6.814994
36670 33.613525 0.350000 1.000000 33.263525 0.010000 6.818320
36680 33.613525 0.340000 1.000000 33.273525 -0.010000 6.821648
36690 33.613525 0.340000 1.000000 33.273525 0.000000 6.824975
36710 33.613525 0.800000 1.000000 32.813525 0.460000 6.828257
36720 33.613525 0.240000 1.000000 33.373525 -0.560000 6.831594
36730 33.613525 0.420000 1.000000 33.193525 0.180000 6.834913
36750 33.613525 0.610000 1.000000 33.003525 0.190000 6.838214
36760 33.613525 0.340000 1.000000 33.273525 -0.270000 6.841541
36770 33.613525 0.350000 1.000000 33.263525 0.010000 6.844867
36780 33.613525 0.340000 1.000000 33.273525 -0.010000 6.848195
36790 33.613525 0.340000 1.000000 33.273525 0.000000 6.851522
36810 33.613525 0.680000 1.000000 32.933525 0.340000 6.854815
36820 33.613525 0.350000 1.000000 33.263525 -0.330000 6.858142
36830 33.613525 0.420000 1.000000 33.193525 0.070000 6.861461
36840 33.613525 0.260000 1.000000 33.353525 -0.160000 6.864796
36850 33.613525 0.350000 1.000000 33.263525 0.090000 6.868123
36860 33.613525 0.340000 1.000000 33.273525 -0.010000 6.871450
36880 33.613525 0.680000 1.000000 32.933525 0.340000 6.874743
36890 33.613525 0.350000 1.000000 33.263525 -0.330000 6.878070
36900 33.613525 0.370000 1.000000 33.243525 0.020000 6.881394
36910 33.613525 0.380000 1.000000 33.233525 0.010000 6.884718
36920 33.613525 0.270000 1.000000 33.343525 -0.110000 6.888052
36930 33.613525 0.340000 1.000000 33.273525 0.070000 6.891379
36950 33.613525 0.680000 1.000000 32.933525 0.340000 6.894673
36960 33.613525 0.340000 1.000000 33.273525 -0.340000 6.898000
36970 33.613525 0.340000 1.000000 33.273525 0.000000 6.901327
36980 33.613525 0.350000 1.000000 33.263525 0.010000 6.904654
36990 33.613525 0.340000 1.000000 33.273525 -0.010000 6.907981
37000 33.613525 0.350000 1.000000 33.263525 0.010000 6.911307
37020 33.613525 0.670000 1.000000 32.943525 0.320000 6.914602
37030 33.613525 0.340000 1.000000 33.273525 -0.330000 6.917929
37040 33.613525 0.340000 1.000000 33.273525 0.000000 6.921256
37050 33.613525 0.340000 1.000000 33.273525 0.000000 6.924584
37060 33.613525 0.330000 1.000000 33.283525 -0.010000 6.927912
37070 33.613525 0.340000 1.000000 33.273525 0.010000 6.931239
37090 33.613525 0.680000 1.000000 32.933525 0.340000 6.934533
37100 33.613525 0.370000 1.000000 33.243525 -0.310000 6.937857
37110 33.613525 0.400000 1.000000 33.213525 0.030000 6.941178
37120 33.613525 0.260000 1.000000 33.353525 -0.140000 6.944514
37130 33.613525 0.350000 1.000000 33.263525 0.090000 6.947840
37140 33.613525 0.340000 1.000000 33.273525 -0.010000 6.951168
37160 33.613525 0.680000 1.000000 32.933525 0.340000 6.954461
37170 33.613525 0.350000 1.000000 33.263525 -0.330000 6.957787
37180 33.613525 0.340000 1.000000 33.273525 -0.010000 6.961115
37190 33.613525 0.340000 1.000000 33.273525 0.000000 6.964442
37200 33.613525 0.340000 1.000000 33.273525 0.000000 6.967769
37210 33.613525 0.360000 1.000000 33.253525 0.020000 6.971095
37230 33.613525 0.680000 1.000000 32.933525 0.320000 6.974388
37240 33.613525 0.340000 1.000000 33.273525 -0.340000 6.977715
37250 33.613525 0.340000 1.000000 33.273525 0.000000 6.981043
37260 33.613525 0.350000 1.000000 33.263525 0.010000 6.984369
37270 33.613525 0.340000 1.000000 33.273525 -0.010000 6.987696
37280 33.613525 0.340000 1.000000 33.273525 0.000000 6.991024
37300 33.613525 0.710000 1.000000 32.903525 0.370000 6.994314
37310 33.613525 0.400000 1.000000 33.213525 -0.310000 6.997635
37320 33.613525 0.260000 1.000000 33.353525 -0.140000 7.000971
37330 33.613525 0.340000 1.000000 33.273525 0.080000 7.004298
37340 33.613525 0.340000 1.000000 33.273525 0.000000 7.007626
37350 33.613525 0.330000 1.000000 33.283525 -0.010000 7.010954
37370 33.613525 0.690000 1.000000 32.923525 0.360000 7.014246
37380 33.613525 0.340000 1.000000 33.273525 -0.350000 7.017574
37390 33.613525 0.340000 1.000000 33.273525 0.000000 7.020901
37400 33.613525 0.340000 1.000000 33.273525 0.000000 7.024228
37410 33.613525 0.360000 1.000000 33.253525 0.020000 7.027554
37420 33.613525 0.330000 1.000000 33.283525 -0.030000 7.030882
37440 33.613525 0.680000 1.000000 32.933525 0.350000 7.034175
37450 33.613525 0.340000 1.000000 33.273525 -0.340000 7.037503
37460 33.613525 0.340000 1.000000 33.273525 0.000000 7.040830
37470 33.613525 0.350000 1.000000 33.263525 0.010000 7.044156
37480 33.613525 0.340000 1.000000 33.273525 -0.010000 7.047484
37490 33.613525 0.340000 1.000000 33.273525 0.000000 7.050811
37510 33.613525 0.770000 1.000000 32.843525 0.430000 7.054095
37520 33.613525 0.260000 1.000000 33.353525 -0.510000 7.057431
37530 33.613525 0.340000 1.000000 33.273525 0.080000 7.060758
37540 33.613525 0.340000 1.000000 33.273525 0.000000 7.064086
37550 33.613525 0.340000 1.000000 33.273525 0.000000 7.067413
37570 33.613525 0.690000 1.000000 32.923525 0.350000 7.070705
37580 33.613525 0.340000 1.000000 33.273525 -0.350000 7.074033
37590 33.613525 0.340000 1.000000 33.273525 0.000000 7.077360
37600 33.613525 0.340000 1.000000 33.273525 0.000000 7.080687
37610 33.613525 0.360000 1.000000 33.253525 0.020000 7.084013
37620 33.613525 0.330000 1.000000 33.283525 -0.030000 7.087341
37640 33.613525 0.680000 1.000000 32.933525 0.350000 7.090634
37650 33.613525 0.340000 1.000000 33.273525 -0.340000 7.093962
37660 33.613525 0.340000 1.000000 33.273525 0.000000 7.097289
37670 33.613525 0.330000 1.000000 33.283525 -0.010000 7.100617
37680 33.613525 0.340000 1.000000 33.273525 0.010000 7.103945
37690 33.613525 0.340000 1.000000 33.273525 0.000000 7.107272
37710 33.613525 0.760000 1.000000 32.853525 0.420000 7.110557
37720 33.613525 0.270000 1.000000 33.343525 -0.490000 7.113892
37730 33.613525 0.340000 1.000000 33.273525 0.070000 7.117219
37740 33.613525 0.340000 1.000000 33.273525 0.000000 7.120547
37750 33.613525 0.350000 1.000000 33.263525 0.010000 7.123873
37770 33.613525 0.680000 1.000000 32.933525 0.330000 7.127166
37780 33.613525 0.340000 1.000000 33.273525 -0.340000 7.130494
37790 33.613525 0.340000 1.000000 33.273525 0.000000 7.133821
37800 33.613525 0.350000 1.000000 33.263525 0.010000 7.137147
37810 33.613525 0.360000 1.000000 33.253525 0.010000 7.140473
37820 33.613525 0.330000 1.000000 33.283525 -0.030000 7.143801
37840 33.613525 0.680000 1.000000 32.933525 0.350000 7.147094
37850 33.613525 0.410000 1.000000 33.203525 -0.270000 7.150415
37860 33.613525 0.270000 1.000000 33.343525 -0.140000 7.153749
37870 33.613525 0.350000 1.000000 33.263525 0.080000 7.157075
37880 33.613525 0.340000 1.000000 33.273525 -0.010000 7.160403
37890 33.613525 0.340000 1.000000 33.273525 0.000000 7.163730
37910 33.613525 0.770000 1.000000 32.843525 0.430000 7.167014
37920 33.613525 0.260000 1.000000 33.353525 -0.510000 7.170350
37930 33.613525 0.350000 1.000000 33.263525 0.090000 7.173676
37940 33.613525 0.340000 1.000000 33.273525 -0.010000 7.177004
37950 33.613525 0.350000 1.000000 33.263525 0.010000 7.180330
37970 33.613525 0.680000 1.000000 32.933525 0.330000 7.183623
37980 33.613525 0.350000 1.000000 33.263525 -0.330000 7.186950
37990 33.613525 0.340000 1.000000 33.273525 -0.010000 7.190277
38000 33.613525 0.330000 1.000000 33.283525 -0.010000 7.193605
38010 33.613525 0.350000 1.000000 33.263525 0.020000 7.196932
38020 33.613525 0.330000 1.000000 33.283525 -0.020000 7.200260
38040 33.613525 0.690000 1.000000 32.923525 0.360000 7.203552
38050 33.613525 0.340000 1.000000 33.273525 -0.350000 7.206880
38060 33.613525 0.360000 1.000000 33.253525 0.020000 7.210205
38070 33.613525 0.330000 1.000000 33.283525 -0.030000 7.213533
38080 33.613525 0.350000 1.000000 33.263525 0.020000 7.216860
38090 33.613525 0.330000 1.000000 33.283525 -0.020000 7.220188
38110 33.613525 0.760000 1.000000 32.853525 0.430000 7.223473
38120 33.613525 0.270000 1.000000 33.343525 -0.490000 7.226808
38130 33.613525 0.340000 1.000000 33.273525 0.070000 7.230135
38140 33.613525 0.340000 1.000000 33.273525 0.000000 7.233463
38150 33.613525 0.350000 1.000000 33.263525 0.010000 7.236789
38170 33.613525 0.680000 1.000000 32.933525 0.330000 7.240082
38180 33.613525 0.340000 1.000000 33.273525 -0.340000 7.243410
38190 33.613525 0.350000 1.000000 33.263525 0.010000 7.246736
38200 33.613525 0.340000 1.000000 33.273525 -0.010000 7.250063
38210 33.613525 0.350000 1.000000 33.263525 0.010000 7.253390
38220 33.613525 0.330000 1.000000 33.283525 -0.020000 7.256718
38240 33.613525 0.680000 1.000000 32.933525 0.350000 7.260011
38250 33.613525 0.350000 1.000000 33.263525 -0.330000 7.263338
38260 33.613525 0.340000 1.000000 33.273525 -0.010000 7.266665
38270 33.613525 0.340000 1.000000 33.273525 0.000000 7.269992
38280 33.613525 0.340000 1.000000 33.273525 0.000000 7.273320
38290 33.613525 0.340000 1.000000 33.273525 0.000000 7.276647
38310 33.613525 0.770000 1.000000 32.843525 0.430000 7.279931
38320 33.613525 0.260000 1.000000 33.353525 -0.510000 7.283267
38330 33.613525 0.340000 1.000000 33.273525 0.080000 7.286594
38340 33.613525 0.340000 1.000000 33.273525 0.000000 7.289921
38350 33.613525 0.350000 1.000000 33.263525 0.010000 7.293248
38370 33.613525 0.680000 1.000000 32.933525 0.330000 7.296541
38380 33.613525 0.340000 1.000000 33.273525 -0.340000 7.299869
38390 33.613525 0.350000 1.000000 33.263525 0.010000 7.303195
38400 33.613525 0.340000 1.000000 33.273525 -0.010000 7.306522
38410 33.613525 0.360000 1.000000 33.253525 0.020000 7.309848
38420 33.613525 0.330000 1.000000 33.283525 -0.030000 7.313176
38440 33.613525 0.690000 1.000000 32.923525 0.360000 7.316468
38450 33.613525 0.340000 1.000000 33.273525 -0.350000 7.319796
38460 33.613525 0.340000 1.000000 33.273525 0.000000 7.323123
38470 33.613525 0.360000 1.000000 33.253525 0.020000 7.326448
38480 33.613525 0.330000 1.000000 33.283525 -0.030000 7.329777
38490 33.613525 0.350000 1.000000 33.263525 0.020000 7.333103
38510 33.613525 0.760000 1.000000 32.853525 0.410000 7.336388
38520 33.613525 0.270000 1.000000 33.343525 -0.490000 7.339723
38530 33.613525 0.340000 1.000000 33.273525 0.070000 7.343050
38540 33.613525 0.350000 1.000000 33.263525 0.010000 7.346376
38550 33.613525 0.340000 1.000000 33.273525 -0.010000 7.349704
38570 33.613525 0.690000 1.000000 32.923525 0.350000 7.352996
38580 33.613525 0.340000 1.000000 33.273525 -0.350000 7.356324
38590 33.613525 0.350000 1.000000 33.263525 0.010000 7.359650
38600 33.613525 0.340000 1.000000 33.273525 -0.010000 7.362977
38610 33.613525 0.360000 1.000000 33.253525 0.020000 7.366303
38620 33.613525 0.330000 1.000000 33.283525 -0.030000 7.369631
38640 33.613525 0.680000 1.000000 32.933525 0.350000 7.372924
38650 33.613525 0.340000 1.000000 33.273525 -0.340000 7.376252
38660 33.613525 0.340000 1.000000 33.273525 0.000000 7.379579
38670 33.613525 0.350000 1.000000 33.263525 0.010000 7.382905
38680 33.613525 0.340000 1.000000 33.273525 -0.010000 7.386233
38690 33.613525 0.350000 1.000000 33.263525 0.010000 7.389559
38710 33.613525 0.760000 1.000000 32.853525 0.410000 7.392844
38720 33.613525 0.270000 1.000000 33.343525 -0.490000 7.396179
38730 33.613525 0.340000 1.000000 33.273525 0.070000 7.399506
38740 33.613525 0.340000 1.000000 33.273525 0.000000 7.402833
38750 33.613525 0.340000 1.000000 33.273525 0.000000 7.406161
38770 33.613525 0.690000 1.000000 32.923525 0.350000 7.409453
38780 33.613525 0.330000 1.000000 33.283525 -0.360000 7.412782
38790 33.613525 0.350000 1.000000 33.263525 0.020000 7.416108
38800 33.613525 0.340000 1.000000 33.273525 -0.010000 7.419435
38810 33.613525 0.360000 1.000000 33.253525 0.020000 7.422761
38820 33.613525 0.330000 1.000000 33.283525 -0.030000 7.426089
38840 33.613525 0.690000 1.000000 32.923525 0.360000 7.429381
38850 33.613525 0.340000 1.000000 33.273525 -0.350000 7.432709
38860 33.613525 0.330000 1.000000 33.283525 -0.010000 7.436037
38870 33.613525 0.350000 1.000000 33.263525 0.020000 7.439363
38880 33.613525 0.340000 1.000000 33.273525 -0.010000 7.442691
38890 33.613525 0.340000 1.000000 33.273525 0.000000 7.446018
38910 33.613525 0.770000 1.000000 32.843525 0.430000 7.449302
38920 33.613525 0.260000 1.000000 33.353525 -0.510000 7.452638
